Node Number	X Location (µm)	Y Location (µm)	Z Location (µm)	Directional Deformation (µm)
4162	1,8401	2,1104	0,	4,4693e-004
4164	0,78216	2,6885	0,	1,5284e-004
4166	2,5536	1,1485	0,	1,7296e-003
4168	-2,1105	1,8401	0,	1,6614e-003
4170	-0,37893	2,7742	0,	4,1603e-004
4172	1,102e-007	-2,8	0,	3,3227e-004
4174	-2,8	1,5864e-015	0,	3,4861e-004
4176	-0,38834	-2,7729	0,	2,7021e-004
4178	-2,7742	-0,37889	0,	4,1234e-004
4180	-0,76612	2,6931	0,	1,8056e-003
4182	-2,7729	0,38831	0,	3,1567e-004
4184	-3,3042e-007	2,8	0,	2,3916e-004
4186	0,37895	-2,7742	0,	6,5057e-004
4188	2,5488	-1,1592	0,	1,9687e-004
4189	2,6885	-0,78213	0,	1,5645e-004
4192	1,5067	-2,36	0,	4,777e-003
4193	1,8278	-2,1212	0,	3,0266e-003
4196	-1,5166	-2,3537	0,	4,6707e-004
4197	-1,8401	-2,1104	0,	6,2879e-004
4200	-2,3537	1,5165	0,	4,3852e-004
4202	-1,8278	2,1212	0,	5,124e-003
4204	-0,78216	-2,6885	0,	2,7742e-004
4206	-2,6932	-0,76608	0,	5,1067e-004
4208	2,7729	-0,38832	0,	1,4737e-004
4210	-2,5536	-1,1485	0,	6,3632e-004
4212	-1,1592	-2,5488	0,	3,3799e-004
4214	0,38836	2,7729	0,	1,8145e-004
4216	-2,6886	0,78211	0,	3,1186e-004
4218	2,1105	-1,8401	0,	6,7493e-004
4220	-1,1485	2,5536	0,	3,8374e-003
4222	1,1485	-2,5536	0,	6,1947e-003
4224	0,76613	-2,6931	0,	4,1572e-003
4226	2,1212	1,8277	0,	1,2477e-003
4228	-2,5488	1,1591	0,	3,4471e-004
4230	2,6932	0,76609	0,	9,1203e-004
4232	1,1592	2,5488	0,	1,5533e-004
4234	2,3537	-1,5166	0,	2,9295e-004
4236	1,5166	2,3537	0,	2,1493e-004
4238	-2,1212	-1,8277	0,	7,3771e-004
4240	2,8	2,2042e-007	0,	1,8643e-004
4242	-1,5067	2,36	0,	4,8835e-003
4244	2,36	1,5067	0,	2,0174e-003
4246	-2,3601	-1,5067	0,	7,331e-004
4248	2,7742	0,37891	0,	3,3257e-004
8195	1,4972	-2,7522	0,	3,1819e-003
8196	1,0847	-2,941	0,	3,7207e-003
8199	2,941	1,0846	0,	5,7421e-004
8201	3,1286	-0,21799	0,	9,3496e-005
8202	3,1294	0,21649	0,	1,1975e-004
8203	3,5	2,7552e-007	0,	0,
8207	-0,218	-3,1286	0,	1,8201e-004
8208	0,2165	-3,1294	0,	2,2951e-004
8209	1,3775e-007	-3,5	0,	0,
8213	-1,4972	2,7522	0,	2,4637e-003
8215	-2,941	-1,0846	0,	3,1723e-004
8216	-3,3601	-0,97963	0,	0,
8217	-3,0677	-0,65292	0,	2,5892e-004
8221	-1,0847	2,941	0,	1,5982e-003
8222	-0,97967	3,3601	0,	0,
8223	-0,65296	3,0677	0,	3,7865e-004
8227	2,7522	1,4971	0,	8,9561e-004
8228	2,5087	1,8763	0,	7,8901e-004
8229	2,943	1,8945	0,	0,
8233	-2,2893	-2,6475	0,	0,
8234	-2,2166	-2,2138	0,	4,0878e-004
8235	-1,8789	-2,5063	0,	3,1421e-004
8239	-2,6475	2,2893	0,	0,
8240	-2,2138	2,2166	0,	1,93e-003
8241	-2,5063	1,8789	0,	3,5373e-004
8245	-3,1294	-0,21648	0,	2,2293e-004
8247	2,2167	2,2138	0,	2,8663e-004
8249	-0,21649	3,1294	0,	1,7711e-004
8251	-2,94	1,0884	0,	2,0651e-004
8252	-2,7507	1,4999	0,	2,4962e-004
8255	-0,65609	-3,0666	0,	1,6445e-004
8257	3,0666	-0,65606	0,	9,301e-005
8259	2,5063	-1,8789	0,	2,334e-004
8260	2,2138	-2,2166	0,	6,1454e-004
8263	1,8789	2,5063	0,	1,3439e-004
8265	1,0884	2,9399	0,	9,0616e-005
8266	0,65608	3,0666	0,	9,9407e-005
8269	2,9399	-1,0884	0,	1,088e-004
8271	2,7507	-1,4999	0,	1,4452e-004
8273	-1,4999	-2,7507	0,	2,2408e-004
8275	1,4999	2,7507	0,	9,6067e-005
8277	1,4543	-3,1836	0,	0,
8279	2,643	2,2945	0,	0,
8281	3,3614	-0,97526	0,	0,
8283	0,9753	3,3614	0,	0,
8285	2,9463	-1,8892	0,	0,
8287	3,1857	-1,4495	0,	0,
8289	1,8893	2,9463	0,	0,
8291	-1,8893	-2,9463	0,	0,
8293	1,4496	3,1857	0,	0,
8295	-2,9463	1,8893	0,	0,
8297	2,2893	2,6475	0,	0,
8299	2,6475	-2,2892	0,	0,
8301	-0,48677	3,466	0,	0,
8303	-0,48157	-3,4667	0,	0,
8305	3,4667	-0,48154	0,	0,
8307	3,0677	0,65293	0,	2,2673e-004
8309	-3,1857	1,4496	0,	0,
8311	-3,1286	0,21799	0,	2,0206e-004
8313	1,8764	-2,5086	0,	1,9888e-003
8315	-3,5	-4,2863e-016	0,	0,
8317	-3,4667	0,48154	0,	0,
8318	-3,0666	0,65605	0,	1,9582e-004
8321	-2,643	-2,2945	0,	0,
8323	-2,2945	2,643	0,	0,
8325	0,48678	-3,466	0,	0,
8327	3,466	0,48675	0,	0,
8329	-1,8945	2,9429	0,	0,
8330	-1,4543	3,1836	0,	0,
8333	-2,9429	-1,8945	0,	0,
8334	-3,1836	-1,4543	0,	0,
8335	-2,7522	-1,4971	0,	3,9481e-004
8339	-3,466	-0,48674	0,	0,
8341	-1,8764	2,5087	0,	3,4108e-003
8343	0,65296	-3,0677	0,	8,6376e-004
8344	0,97966	-3,3601	0,	0,
8347	-3,3614	0,97528	0,	0,
8349	0,21801	3,1286	0,	1,2193e-004
8350	-4,1303e-007	3,5	0,	0,
8351	0,48157	3,4667	0,	0,
8355	3,1836	1,4543	0,	0,
8356	3,3601	0,97962	0,	0,
8359	-0,97531	-3,3614	0,	0,
8360	-1,4496	-3,1857	0,	0,
8361	-1,0884	-2,9399	0,	1,755e-004
8365	2,2945	-2,643	0,	0,
8366	1,8945	-2,9429	0,	0,
8369	-2,5087	-1,8763	0,	4,4128e-004
9702	2,7932	-0,19463	0,	1,5667e-004
9703	2,7378	-0,58675	0,	1,472e-004
9704	2,6254	-0,97316	0,	1,726e-004
9705	2,4578	-1,3414	0,	2,3825e-004
9706	2,2379	-1,6827	0,	3,765e-004
9707	1,9741	-1,9857	0,	1,5863e-003
9708	1,6715	-2,2463	0,	4,0166e-003
9709	1,3312	-2,4633	0,	5,4829e-003
9710	0,95988	-2,6303	0,	5,7291e-003
9711	0,57397	-2,7405	0,	1,9196e-003
9712	0,18991	-2,7936	0,	4,0034e-004
9735	-2,7932	0,19463	0,	3,3017e-004
9736	-2,7378	0,58673	0,	3,1255e-004
9737	-2,6255	0,97314	0,	3,2262e-004
9738	-2,4578	1,3414	0,	3,9254e-004
9739	-2,238	1,6827	0,	7,0572e-004
9740	-1,9741	1,9857	0,	3,3668e-003
9741	-1,6715	2,2463	0,	5,3746e-003
9742	-1,3312	2,4633	0,	4,3124e-003
9743	-0,95988	2,6303	0,	2,9745e-003
9744	-0,57396	2,7405	0,	7,9953e-004
9745	-0,1899	2,7936	0,	3,0067e-004
9757	-3,4915	-0,24396	0,	0,
9758	-3,4219	-0,73509	0,	0,
9759	-3,2804	-1,2202	0,	0,
9760	-3,0711	-1,6787	0,	0,
9761	-2,8001	-2,0999	0,	0,
9762	-2,4724	-2,4773	0,	0,
9763	-2,0946	-2,804	0,	0,
9764	-1,6737	-3,0739	0,	0,
9765	-1,2156	-3,2821	0,	0,
9766	-0,73034	-3,423	0,	0,
9767	-0,24136	-3,4917	0,	0,
9779	3,4915	0,24397	0,	0,
9780	3,4219	0,7351	0,	0,
9781	3,2804	1,2201	0,	0,
9782	3,0712	1,6787	0,	0,
9783	2,8001	2,0998	0,	0,
9784	2,4725	2,4773	0,	0,
9785	2,0946	2,804	0,	0,
9786	1,6737	3,0739	0,	0,
9787	1,2156	3,2821	0,	0,
9788	0,73034	3,423	0,	0,
9789	0,24136	3,4917	0,	0,
9869	-0,24398	3,4915	0,	0,
9870	-0,73513	3,4219	0,	0,
9871	-1,2202	3,2804	0,	0,
9872	-1,6787	3,0711	0,	0,
9873	-2,0999	2,8001	0,	0,
9874	-2,4773	2,4724	0,	0,
9875	-2,804	2,0946	0,	0,
9876	-3,0739	1,6737	0,	0,
9877	-3,2821	1,2156	0,	0,
9878	-3,423	0,73031	0,	0,
9879	-3,4917	0,24134	0,	0,
9891	0,24399	-3,4915	0,	0,
9892	0,73513	-3,4219	0,	0,
9893	1,2202	-3,2804	0,	0,
9894	1,6787	-3,0711	0,	0,
9895	2,0999	-2,8001	0,	0,
9896	2,4773	-2,4724	0,	0,
9897	2,8041	-2,0946	0,	0,
9898	3,0739	-1,6736	0,	0,
9899	3,2821	-1,2156	0,	0,
9900	3,423	-0,7303	0,	0,
9901	3,4917	-0,24134	0,	0,
9913	-0,19464	-2,7932	0,	2,905e-004
9914	-0,58677	-2,7378	0,	2,6773e-004
9915	-0,97319	-2,6254	0,	3,0097e-004
9916	-1,3415	-2,4577	0,	3,9595e-004
9917	-1,6828	-2,2379	0,	5,511e-004
9918	-1,9857	-1,9741	0,	6,9644e-004
9919	-2,2464	-1,6715	0,	7,5303e-004
9920	-2,4634	-1,3311	0,	6,9474e-004
9921	-2,6303	-0,95983	0,	5,7504e-004
9922	-2,7406	-0,57392	0,	4,5804e-004
9923	-2,7936	-0,18988	0,	3,7855e-004
9924	0,19465	2,7932	0,	2,0658e-004
9925	0,58678	2,7378	0,	1,6407e-004
9926	0,97318	2,6254	0,	1,489e-004
9927	1,3414	2,4578	0,	1,7189e-004
9928	1,6828	2,2379	0,	2,9428e-004
9929	1,9857	1,9741	0,	7,5446e-004
9930	2,2464	1,6715	0,	1,7262e-003
9931	2,4633	1,3311	0,	1,939e-003
9932	2,6303	0,95985	0,	1,3332e-003
9933	2,7405	0,57393	0,	5,5003e-004
9934	2,7936	0,18989	0,	2,338e-004
13976	1,3229	-2,6529	0,	4,5819e-003
13977	1,2909	-2,8466	0,	3,8729e-003
13978	1,1166	-2,7473	0,	5,185e-003
13979	2,7473	1,1166	0,	9,9435e-004
13980	2,8171	0,92537	0,	7,6042e-004
13981	3,129	-7,5162e-004	0,	1,0935e-004
13982	3,3147	0,10824	0,	6,6977e-005
13983	3,3143	-0,10899	0,	6,1885e-005
13984	-7,4694e-004	-3,129	0,	2,1731e-004
13985	0,10825	-3,3147	0,	1,5358e-004
13986	-0,109	-3,3143	0,	1,3198e-004
13987	-1,502	2,5561	0,	3,5763e-003
13988	-1,3229	2,6529	0,	3,168e-003
13989	-3,1506	-1,0321	0,	1,8191e-004
13990	-3,2139	-0,81627	0,	1,7016e-004
13991	-3,0043	-0,86877	0,	3,0489e-004
13992	-1,0322	3,1505	0,	7,3489e-004
13993	-0,81631	3,2139	0,	4,1155e-004
13994	-0,86881	3,0043	0,	9,6553e-004
13995	2,6305	1,6867	0,	9,1455e-004
13996	2,7258	1,8854	0,	4,7816e-004
13997	2,8476	1,6958	0,	4,9779e-004
13998	-2,253	-2,4306	0,	2,3656e-004
13999	-2,0478	-2,3601	0,	3,8853e-004
14000	-2,0841	-2,5769	0,	2,1046e-004
14001	-2,4307	2,253	0,	7,6373e-004
14002	-2,3601	2,0478	0,	8,3827e-004
14003	-2,5769	2,0841	0,	3,1698e-004
14004	-2,921	-0,51591	0,	3,4767e-004
14005	-3,0985	-0,4347	0,	2,5523e-004
14006	-2,9518	-0,29769	0,	3,1773e-004
14007	2,3627	2,0451	0,	5,2082e-004
14008	2,3149	1,852	0,	1,0269e-003
14009	2,1689	2,0208	0,	6,1201e-004
14010	-0,43472	3,0985	0,	2,4879e-004
14011	-0,29771	2,9518	0,	2,7649e-004
14012	-0,51594	2,921	0,	4,4227e-004
14013	-2,7444	1,1238	0,	2,7742e-004
14014	-2,8454	1,2941	0,	2,336e-004
14015	-2,6498	1,3295	0,	3,1046e-004
14016	-0,43704	-3,0976	0,	1,7879e-004
14017	-0,52222	-2,9197	0,	2,1962e-004
14018	-0,30317	-2,9507	0,	2,3219e-004
14019	3,0976	-0,43703	0,	9,7153e-005
14020	2,9198	-0,52219	0,	1,2243e-004
14021	2,9508	-0,30316	0,	1,2536e-004
14022	2,3084	-1,8595	0,	3,7118e-004
14023	2,3601	-2,0478	0,	3,4958e-004
14024	2,1622	-2,0284	0,	7,3345e-004
14025	2,0478	2,3601	0,	2,0684e-004
14026	2,0284	2,1621	0,	3,8952e-004
14027	1,8595	2,3084	0,	2,4792e-004
14028	0,93528	2,8142	0,	1,2409e-004
14029	0,71912	2,8776	0,	1,3074e-004
14030	0,87225	3,0033	0,	1,0005e-004
14031	3,0033	-0,87221	0,	1,0509e-004
14032	2,8142	-0,93525	0,	1,3858e-004
14033	2,8776	-0,7191	0,	1,2772e-004
14034	2,43	-1,6977	0,	2,8216e-004
14035	2,5522	-1,5082	0,	2,1615e-004
14036	2,6285	-1,6894	0,	1,8839e-004
14037	-1,6978	-2,43	0,	4,0655e-004
14038	-1,5083	-2,5522	0,	3,3838e-004
14039	-1,6894	-2,6285	0,	2,8064e-004
14040	1,6894	2,6285	0,	1,1698e-004
14041	1,6978	2,43	0,	1,8497e-004
14042	1,5082	2,5522	0,	1,4282e-004
14043	-2,43	1,6977	0,	3,9007e-004
14044	-2,5522	1,5082	0,	3,5165e-004
14045	-2,6285	1,6894	0,	3,1689e-004
14046	2,8453	-1,2941	0,	1,3027e-004
14047	2,6498	-1,3295	0,	1,8015e-004
14048	2,7444	-1,1238	0,	1,5359e-004
14049	1,2942	2,8453	0,	9,752e-005
14050	1,3295	2,6498	0,	1,2965e-004
14051	1,1238	2,7444	0,	1,2227e-004
14052	1,4757	-2,9679	0,	2,1109e-003
14053	1,2695	-3,0623	0,	2,2183e-003
14054	2,5758	2,0854	0,	3,6907e-004
14055	2,4298	2,2541	0,	2,1493e-004
14056	3,1507	-1,0318	0,	6,7012e-005
14057	3,214	-0,81566	0,	6,2985e-005
14058	0,81569	3,214	0,	6,1042e-005
14059	1,0319	3,1507	0,	5,9248e-005
14060	2,7263	-1,884	0,	1,2292e-004
14061	2,8485	-1,6945	0,	1,0183e-004
14062	3,0628	-1,2689	0,	7,5705e-005
14063	2,9682	-1,4747	0,	8,4533e-005
14064	1,6946	2,8485	0,	6,3973e-005
14065	1,8841	2,7263	0,	7,1892e-005
14066	-1,8841	-2,7263	0,	1,7821e-004
14067	-1,6946	-2,8485	0,	1,5349e-004
14068	1,269	3,0628	0,	5,8353e-005
14069	1,4747	2,9682	0,	5,908e-005
14070	-2,7263	1,8841	0,	2,1584e-004
14071	-2,8485	1,6946	0,	1,921e-004
14072	-0,70954	2,8804	0,	8,1621e-004
14073	-0,92539	2,8171	0,	1,9666e-003
14074	2,253	2,4306	0,	1,3667e-004
14075	2,0841	2,5769	0,	9,2686e-005
14076	2,5769	-2,0841	0,	1,8187e-004
14077	2,4307	-2,2529	0,	2,4144e-004
14078	-2,8804	-0,7095	0,	3,8442e-004
14079	-0,56986	3,2668	0,	1,6013e-004
14080	-0,35163	3,2977	0,	1,2847e-004
14081	-0,56883	-3,2666	0,	1,1318e-004
14082	-0,34978	-3,2976	0,	1,1772e-004
14083	3,2976	-0,34976	0,	5,9736e-005
14084	3,2666	-0,5688	0,	6,007e-005
14085	2,8804	0,70951	0,	4,6296e-004
14086	3,0044	0,86879	0,	3,962e-004
14087	-2,8143	0,93524	0,	2,6903e-004
14088	-2,3084	1,8595	0,	6,58e-004
14089	-2,1621	2,0284	0,	1,9193e-003
14090	-1,8595	-2,3084	0,	4,7516e-004
14091	-2,0284	-2,1621	0,	5,4229e-004
14092	-0,109	-2,9643	0,	2,5735e-004
14093	0,10825	-2,9647	0,	2,7714e-004
14094	2,9643	-0,10899	0,	1,3284e-004
14095	2,9647	0,10824	0,	1,6164e-004
14096	-2,9682	1,4747	0,	1,6763e-004
14097	-3,0628	1,269	0,	1,5395e-004
14098	2,5561	1,5019	0,	1,355e-003
14099	2,4344	1,6915	0,	1,2761e-003
14100	0,9254	-2,8171	0,	4,0913e-003
14101	-2,9643	0,10899	0,	2,7987e-004
14102	-2,9507	0,30315	0,	2,6822e-004
14103	1,6868	-2,6304	0,	2,6615e-003
14104	1,502	-2,5561	0,	3,9716e-003
14105	1,6916	-2,4343	0,	3,3155e-003
14106	-3,3143	0,10899	0,	1,4332e-004
14107	-3,129	7,521e-004	0,	2,245e-004
14108	-3,3147	-0,10824	0,	1,4608e-004
14109	-3,2666	0,56879	0,	1,3972e-004
14110	-3,0976	0,43702	0,	2,0937e-004
14111	-3,2976	0,34976	0,	1,3949e-004
14112	-2,4298	-2,2542	0,	2,5873e-004
14113	-2,2542	2,4298	0,	1,6165e-003
14114	0,35164	-3,2977	0,	1,4862e-004
14115	3,2977	0,35162	0,	7,9182e-005
14116	-1,6958	2,8476	0,	1,7906e-003
14117	-1,4757	2,9679	0,	1,4448e-003
14118	-2,9679	-1,4757	0,	2,2374e-004
14119	-2,8476	-1,6958	0,	2,4815e-004
14120	2,8466	1,2909	0,	7,4063e-004
14121	2,6529	1,3228	0,	1,248e-003
14122	-3,2668	-0,56983	0,	1,5868e-004
14123	-1,6915	2,4343	0,	4,2724e-003
14124	-1,6868	2,6304	0,	3,1201e-003
14125	0,86882	-3,0043	0,	2,1958e-003
14126	1,0322	-3,1506	0,	1,7962e-003
14127	0,81631	-3,2139	0,	8,9097e-004
14128	-3,0033	0,87221	0,	2,1206e-004
14129	-3,214	0,81566	0,	1,4168e-004
14130	-3,1507	1,0318	0,	1,4646e-004
14131	-1,1166	2,7473	0,	2,59e-003
14132	-1,2909	2,8466	0,	2,1541e-003
14133	-2,8466	-1,2909	0,	3,806e-004
14134	-2,7473	-1,1166	0,	4,81e-004
14135	-2,6529	-1,3228	0,	5,3515e-004
14136	0,109	3,3143	0,	8,2626e-005
14137	0,34979	3,2976	0,	7,1658e-005
14138	3,1506	1,0321	0,	2,6549e-004
14139	3,0623	1,2694	0,	3,4641e-004
14140	0,43473	-3,0985	0,	3,6563e-004
14141	0,29772	-2,9518	0,	3,1784e-004
14142	0,51595	-2,921	0,	8,2922e-004
14143	3,0986	0,43471	0,	1,7306e-004
14144	2,9518	0,2977	0,	2,0141e-004
14145	2,921	0,51592	0,	3,0136e-004
14146	-1,269	-3,0628	0,	1,1963e-004
14147	-1,0319	-3,1506	0,	1,1378e-004
14148	2,0854	-2,5758	0,	9,8902e-004
14149	1,8854	-2,7258	0,	1,4234e-003
14150	7,5671e-004	3,129	0,	1,5167e-004
14151	0,109	2,9643	0,	1,7864e-004
14152	-0,10825	2,9647	0,	2,1929e-004
14153	-2,6304	-1,6867	0,	4,5579e-004
14154	-2,5561	-1,5019	0,	5,7927e-004
14155	-2,4344	-1,6915	0,	6,0955e-004
14156	-2,0451	2,3626	0,	2,9798e-003
14157	-1,8521	2,3149	0,	4,1927e-003
14158	-2,0208	2,1689	0,	3,3833e-003
14159	-2,3627	-2,0451	0,	4,6446e-004
14160	-2,3149	-1,852	0,	6,142e-004
14161	-2,1689	-2,0208	0,	5,9038e-004
14162	2,0451	-2,3626	0,	1,3966e-003
14163	1,8521	-2,3149	0,	2,7612e-003
14164	2,0208	-2,1689	0,	1,4557e-003
14165	0,43705	3,0976	0,	1,1584e-004
14166	0,52222	2,9198	0,	1,4122e-004
14167	0,30318	2,9507	0,	1,5952e-004
14168	-0,87225	-3,0032	0,	1,7727e-004
14169	-0,93528	-2,8142	0,	2,3205e-004
14170	-0,71913	-2,8775	0,	2,2207e-004
14171	-1,2942	-2,8453	0,	2,0603e-004
14172	-1,3296	-2,6497	0,	2,9021e-004
14173	-1,1238	-2,7443	0,	2,5231e-004
14174	1,6958	-2,8476	0,	1,6606e-003
14175	-1,2695	3,0623	0,	1,2601e-003
14176	2,9679	1,4757	0,	4,4237e-004
14177	0,70954	-2,8804	0,	2,0182e-003
14178	-3,0623	-1,2695	0,	2,023e-004
14179	-2,9647	-0,10824	0,	2,9685e-004
14180	-2,9198	0,52218	0,	2,6407e-004
14181	2,2542	-2,4298	0,	6,1911e-004
14182	-0,10825	3,3147	0,	9,5567e-005
14183	0,56883	3,2666	0,	6,6471e-005
14184	-2,0854	2,5758	0,	2,1764e-003
14185	-2,5758	-2,0854	0,	2,6805e-004
14186	-3,2977	-0,35161	0,	1,535e-004
14187	-0,8157	-3,214	0,	1,1103e-004
14188	3,2139	0,81628	0,	1,61e-004
14189	-2,8776	0,71908	0,	2,6219e-004
14190	-1,8854	2,7258	0,	2,0221e-003
14191	-2,7258	-1,8854	0,	2,6242e-004
14192	-1,4747	-2,9682	0,	1,3298e-004
14193	0,56987	-3,2668	0,	2,5095e-004
14194	3,2668	0,56984	0,	1,07e-004
14195	-2,8171	-0,92535	0,	4,3007e-004
1137	-0,16991	0,18457	0,	-0,14908
1138	2,893e-002	2,4176e-002	0,	-0,16757
1139	1,3656e-002	0,25483	0,	-0,14875
1140	-0,1836	-4,218e-003	0,	-0,1589
1141	-0,11837	-0,20222	0,	-0,15241
1142	0,10932	-0,20157	0,	-0,15206
1143	0,16102	0,19356	0,	-0,14951
1144	0,21196	-7,5719e-002	0,	-0,15327
1145	0,25601	7,0628e-002	0,	-0,14882
1146	-0,34761	8,1314e-002	0,	-0,13425
1147	-0,33283	-9,7609e-002	0,	-0,13664
1148	0,17228	0,37018	0,	-0,12306
1149	0,30759	-0,20926	0,	-0,12954
1150	0,37691	-6,4852e-002	0,	-0,12816
1151	4,3152e-002	-0,38695	0,	-0,12741
1152	0,33089	0,24537	0,	-0,12259
1153	-0,11735	-0,39006	0,	-0,12478
1154	-0,34127	0,22861	0,	-0,1215
1155	-0,31279	-0,24668	0,	-0,12761
1156	-0,26874	0,34763	0,	-0,11588
1157	0,23145	-0,34983	0,	-0,1195
1158	0,42884	8,535e-002	0,	-0,11673
1159	-0,23553	-0,34446	0,	-0,12389
1160	-0,11817	0,37268	0,	-0,12547
1161	0,3385	0,42904	0,	-9,0259e-002
1162	1,9495e-002	0,4157	0,	-0,12058
1163	-0,5315	-4,3997e-003	0,	-9,621e-002
1164	-0,39369	-0,39274	0,	-8,9479e-002
1165	0,4566	0,34563	0,	-8,2134e-002
1166	0,51152	0,21508	0,	-8,6543e-002
1167	-0,49537	0,19306	0,	-9,3192e-002
1168	-0,43142	0,34581	0,	-8,5916e-002
1169	0,54285	-5,0819e-002	0,	-8,878e-002
1170	0,19894	-0,50728	0,	-8,8374e-002
1171	-0,35239	0,46216	0,	-7,7094e-002
1172	0,3378	-0,4618	0,	-7,9101e-002
1173	8,8242e-002	0,54033	0,	-8,8519e-002
1174	0,57328	8,449e-002	0,	-7,9975e-002
1175	-0,22996	-0,49547	0,	-9,282e-002
1176	0,41441	-0,34388	0,	-8,864e-002
1177	-6,913e-002	0,53963	0,	-8,8139e-002
1178	-0,21935	0,50485	0,	-8,6619e-002
1179	-7,0533e-002	-0,53736	0,	-9,2069e-002
1180	-0,48151	-0,20879	0,	-9,7454e-002
1181	0,49048	-0,20242	0,	-9,1265e-002
1182	6,9367e-002	-0,56042	0,	-8,365e-002
1183	0,22666	0,52381	0,	-8,2871e-002
1184	0,67761	0,17562	0,	-4,2876e-002
1185	0,7	8,5725e-017	0,	-4,2531e-002
1186	0,4973	0,49264	0,	-4,2853e-002
1187	-0,60499	0,35212	0,	-3,9516e-002
1188	0,60847	0,34608	0,	-4,2586e-002
1189	-0,60847	-0,34608	0,	-4,5489e-002
1190	-0,67761	-0,17562	0,	-4,6154e-002
1191	-0,49264	0,4973	0,	-3,6887e-002
1192	-0,4973	-0,49264	0,	-4,4955e-002
1193	-0,35212	-0,60499	0,	-4,345e-002
1194	0,35212	0,60499	0,	-4,2979e-002
1195	0,67583	-0,18236	0,	-4,0665e-002
1196	-0,67583	0,18236	0,	-4,2919e-002
1197	-0,7	-5,5105e-008	0,	-4,6196e-002
1198	0,17562	-0,67761	0,	-3,5371e-002
1199	0,34608	-0,60847	0,	-3,4439e-002
1200	0,18236	0,67583	0,	-4,1245e-002
1201	-2,755e-008	0,7	0,	-3,7648e-002
1202	-0,18236	-0,67583	0,	-4,2424e-002
1203	-0,34608	0,60847	0,	-3,4674e-002
1204	0,60499	-0,35212	0,	-3,74e-002
1205	0,49264	-0,4973	0,	-3,3993e-002
1206	-0,17562	0,67761	0,	-3,4918e-002
1207	8,2605e-008	-0,7	0,	-3,9036e-002
1208	-0,2885	-1,0094	0,	1,0767e-002
1209	-0,11928	-0,8783	0,	1,4419e-002
1210	-0,14175	-1,0677	0,	1,4279e-002
1214	-0,35293	-0,8122	0,	8,7324e-003
1216	-1,0436	1,3775e-002	0,	1,1878e-002
1217	-1,0643	0,17931	0,	1,0401e-002
1218	-0,87658	0,14728	0,	8,178e-003
1222	-0,7496	0,71784	0,	4,3122e-002
1223	-0,73393	0,86077	0,	4,7799e-002
1224	-0,58699	0,8684	0,	5,0877e-002
1228	-0,44531	-0,97937	0,	1,085e-002
1230	-0,53556	0,67619	0,	2,9443e-002
1232	-0,78609	-0,37281	0,	1,4403e-002
1233	-0,99933	-0,3783	0,	1,6013e-002
1234	-0,87041	-0,23424	0,	1,4141e-002
1238	2,4419e-002	-1,0443	0,	2,4918e-002
1240	-0,96789	0,72783	0,	3,0147e-002
1241	-0,87793	0,53984	0,	2,5622e-002
1244	0,11181	-0,8631	0,	2,6952e-002
1245	0,23953	-1,0398	0,	4,1319e-002
1248	1,0359	-2,4269e-003	0,	2,9575e-003
1249	1,2144	9,5877e-002	0,	5,7086e-003
1250	1,214	-9,8632e-002	0,	3,3489e-003
1254	0,96783	-0,73884	0,	2,2688e-002
1255	0,8746	-0,56154	0,	2,0828e-002
1256	1,0744	-0,58229	0,	1,036e-002
1260	-1,0026	0,35621	0,	1,2652e-002
1262	0,5615	-0,87549	0,	5,0401e-002
1263	0,42469	-0,99029	0,	4,9201e-002
1264	0,3397	-0,8203	0,	3,8234e-002
1268	1,1587	0,41016	0,	9,6036e-003
1269	1,0388	0,22747	0,	6,5487e-003
1270	0,99332	0,41395	0,	8,6646e-003
1274	0,25868	1,0275	0,	3,7558e-003
1275	0,49792	0,94369	0,	2,989e-003
1276	0,32827	0,8075	0,	-2,3591e-003
1280	0,76523	0,70026	0,	7,0586e-003
1281	0,54031	0,70347	0,	-1,2774e-003
1282	0,6692	0,84344	0,	5,9198e-003
1286	1,037	-0,23295	0,	2,9786e-003
1287	0,98922	-0,42246	0,	8,6313e-003
1288	0,81832	-0,34072	0,	7,6885e-003
1292	0,52942	-0,68381	0,	3,2693e-002
1294	0,68676	0,52074	0,	-1,8197e-003
1296	0,43244	1,1474	0,	2,6459e-003
1298	-0,79126	0,3494	0,	1,3896e-002
1300	-0,86609	-6,6501e-002	0,	1,0029e-002
1302	0,10811	-1,2179	0,	2,612e-002
1304	0,74541	-0,74608	0,	3,9102e-002
1306	-0,57071	-0,87071	0,	1,2435e-002
1308	-0,86858	0,87744	0,	4,1763e-002
1310	-0,42655	-1,1498	0,	8,8209e-003
1311	-0,59075	-1,0714	0,	9,8892e-003
1314	-0,74297	-0,96641	0,	1,089e-002
1315	-0,74885	-0,74457	0,	1,5061e-002
1318	-0,28895	1,0087	0,	4,1613e-002
1319	-0,35518	0,81208	0,	4,0363e-002
1320	-0,45004	0,97834	0,	4,901e-002
1324	-0,67755	-0,53684	0,	1,3187e-002
1325	-0,87542	-0,55825	0,	1,6759e-002
1328	-0,7419	0,99171	0,	4,6496e-002
1330	-7,5981e-002	-1,2227	0,	1,4384e-002
1332	-0,67836	0,5248	0,	2,1533e-002
1334	0,82167	0,33177	0,	4,5763e-004
1336	-0,25537	1,1993	0,	3,0248e-002
1337	-7,2698e-002	1,2209	0,	1,6555e-002
1338	-0,13902	1,0663	0,	2,7048e-002
1342	0,73902	-0,96803	0,	4,2397e-002
1344	-1,0762	0,56711	0,	1,6487e-002
1346	-0,25637	-1,1999	0,	9,1414e-003
1348	1,1569	-0,41396	0,	3,606e-003
1350	-1,0329	-0,17355	0,	1,4467e-002
1352	-1,1761	0,43482	0,	9,3167e-003
1354	0,27048	-1,2264	0,	3,5977e-002
1356	0,27916	1,2205	0,	2,3209e-003
1358	-0,88549	-0,88242	0,	1,0591e-002
1360	1,2258	0,26397	0,	7,8564e-003
1362	1,2249	-0,26644	0,	2,1159e-003
1364	0,88348	-0,88358	0,	3,29e-002
1366	0,11408	0,85889	0,	6,8193e-003
1368	0,85985	0,10663	0,	-3,5822e-003
1370	0,68174	-0,53166	0,	2,5665e-002
1372	-0,53461	-0,68091	0,	1,08e-002
1374	0,85854	-0,11226	0,	-2,586e-003
1376	-1,1913	-0,27754	0,	1,1322e-002
1378	-0,96932	-0,73671	0,	1,1339e-002
1380	-1,1997	0,27573	0,	8,5722e-003
1382	0,41657	-1,1579	0,	4,4083e-002
1384	0,88282	0,54461	0,	8,2453e-003
1386	0,58332	-1,0748	0,	4,5191e-002
1388	-0,59222	1,0744	0,	4,5858e-002
1390	-0,42707	1,1498	0,	4,1402e-002
1392	0,71534	0,99996	0,	6,0513e-003
1393	0,595	1,1059	0,	3,9503e-003
1396	-1,2143	-9,0801e-002	0,	1,071e-002
1397	-1,2215	9,405e-002	0,	9,3499e-003
1400	0,96991	0,72902	0,	9,9604e-003
1402	0,85314	0,87503	0,	8,273e-003
1404	1,0775	0,5763	0,	1,0356e-002
1406	3,1609e-002	1,0406	0,	1,4379e-002
1407	-0,11757	0,87773	0,	2,8654e-002
1410	-1,1745	-0,4411	0,	1,0863e-002
1412	0,11525	1,2132	0,	6,3006e-003
1414	-1,0755	-0,57684	0,	1,1514e-002
1416	1,4	1,1021e-007	0,	3,7776e-003
1418	-1,058	-0,91686	0,	7,3242e-003
1420	-0,91703	-1,0579	0,	7,3067e-003
1422	1,3857	0,19925	0,	6,2543e-003
1424	-0,19924	1,3857	0,	1,7259e-002
1426	-1,0579	0,91703	0,	2,9842e-002
1428	1,0579	-0,91702	0,	2,1433e-002
1430	-0,39458	-1,3432	0,	5,6343e-003
1432	1,3432	-0,39458	0,	1,1692e-003
1434	0,19925	-1,3857	0,	2,4304e-002
1436	0,58163	1,2735	0,	2,4846e-003
1438	-1,2735	0,58162	0,	7,9369e-003
1440	-1,1778	0,75684	0,	1,6792e-002
1442	0,75685	1,1778	0,	4,4888e-003
1444	5,5099e-008	-1,4	0,	1,2724e-002
1446	-1,3432	0,39458	0,	5,8025e-003
1448	1,3857	-0,19934	0,	1,9332e-003
1450	0,39458	1,3432	0,	1,3056e-003
1452	-0,19934	-1,3857	0,	6,5035e-003
1454	-0,91686	1,058	0,	3,9216e-002
1456	0,91686	-1,058	0,	3,1935e-002
1458	-1,6521e-007	1,4	0,	6,4129e-003
1459	0,19934	1,3857	0,	1,7255e-003
1462	-1,4	7,9318e-016	0,	6,7125e-003
1463	-1,3857	0,19933	0,	5,9086e-003
1466	1,2735	-0,58163	0,	2,7343e-003
1468	0,39433	-1,3433	0,	3,5376e-002
1470	-0,58163	-1,2735	0,	6,4787e-003
1472	1,3433	0,39433	0,	8,8096e-003
1474	-0,39432	1,3433	0,	2,9739e-002
1476	1,1777	0,75699	0,	1,0533e-002
1477	1,2736	0,58139	0,	1,0359e-002
1480	-1,1777	-0,75699	0,	7,377e-003
1481	-1,2736	-0,58138	0,	7,6011e-003
1484	1,1778	-0,75685	0,	9,5688e-003
1486	-0,75685	-1,1778	0,	6,958e-003
1488	-0,75698	1,1777	0,	3,9468e-002
1490	0,75699	-1,1777	0,	3,6796e-002
1492	0,58139	-1,2736	0,	3,8608e-002
1494	-0,58138	1,2736	0,	3,6838e-002
1496	0,91703	1,0579	0,	7,0871e-003
1498	-1,3858	-0,19924	0,	7,1739e-003
1500	-1,3433	-0,39432	0,	7,5441e-003
1502	1,058	0,91686	0,	9,3598e-003
9746	9,9923e-002	1,3964	0,	3,1952e-003
9747	0,29772	1,368	0,	1,2081e-003
9748	0,48935	1,3117	0,	1,7658e-003
9749	0,67095	1,2288	0,	3,3954e-003
9750	0,83908	1,1207	0,	5,7718e-003
9751	0,99003	0,98987	0,	8,333e-003
9752	1,1207	0,83906	0,	1,0138e-002
9753	1,2288	0,6709	0,	1,0614e-002
9754	1,3118	0,48911	0,	9,7815e-003
9755	1,368	0,29755	0,	7,5969e-003
9756	1,3964	9,9881e-002	0,	4,9538e-003
9801	1,3964	-9,9927e-002	0,	2,7748e-003
9802	1,368	-0,29772	0,	1,3605e-003
9803	1,3117	-0,48935	0,	1,4468e-003
9804	1,2288	-0,67094	0,	5,2024e-003
9805	1,1207	-0,83908	0,	1,542e-002
9806	0,98987	-0,99003	0,	2,729e-002
9807	0,83906	-1,1207	0,	3,4589e-002
9808	0,67091	-1,2288	0,	3,8e-002
9809	0,48911	-1,3118	0,	3,7963e-002
9810	0,29755	-1,368	0,	3,0327e-002
9811	9,9879e-002	-1,3964	0,	1,8162e-002
9823	-9,9923e-002	-1,3964	0,	8,8801e-003
9824	-0,29772	-1,368	0,	5,5393e-003
9825	-0,48935	-1,3117	0,	5,9524e-003
9826	-0,67094	-1,2288	0,	6,7651e-003
9827	-0,83908	-1,1207	0,	7,1237e-003
9828	-0,99003	-0,98987	0,	7,3341e-003
9829	-1,1207	-0,83906	0,	7,3313e-003
9830	-1,2288	-0,6709	0,	7,5121e-003
9831	-1,3118	-0,48909	0,	7,6074e-003
9832	-1,368	-0,29753	0,	7,3899e-003
9833	-1,3964	-9,9874e-002	0,	6,9749e-003
9834	0,69393	-9,1975e-002	0,	-4,3523e-002
9835	0,64601	-0,26957	0,	-4,0294e-002
9836	0,55359	-0,42841	0,	-3,6143e-002
9837	0,42302	-0,55772	0,	-3,4011e-002
9838	0,26313	-0,64866	0,	-3,5176e-002
9839	8,8519e-002	-0,69438	0,	-3,7753e-002
9840	-9,1975e-002	-0,69393	0,	-4,1385e-002
9841	-0,26957	-0,64601	0,	-4,4299e-002
9842	-0,42841	-0,55359	0,	-4,5211e-002
9843	-0,55772	-0,42302	0,	-4,5986e-002
9844	-0,64866	-0,26313	0,	-4,5966e-002
9845	-0,69438	-8,8519e-002	0,	-4,6158e-002
9846	-0,69393	9,1975e-002	0,	-4,5127e-002
9847	-0,64601	0,26957	0,	-4,2155e-002
9848	-0,55359	0,42841	0,	-3,8778e-002
9849	-0,42302	0,55772	0,	-3,632e-002
9850	-0,26313	0,64866	0,	-3,4762e-002
9851	-8,8519e-002	0,69438	0,	-3,667e-002
9852	9,1975e-002	0,69393	0,	-4,0565e-002
9853	0,26957	0,64601	0,	-4,37e-002
9854	0,42841	0,55359	0,	-4,4175e-002
9855	0,55772	0,42302	0,	-4,3622e-002
9856	0,64866	0,26313	0,	-4,3154e-002
9857	0,69438	8,8519e-002	0,	-4,4218e-002
9880	-1,3964	9,9918e-002	0,	6,2644e-003
9881	-1,368	0,29771	0,	5,6755e-003
9882	-1,3117	0,48935	0,	6,131e-003
9883	-1,2288	0,67094	0,	1,1551e-002
9884	-1,1207	0,83908	0,	2,302e-002
9885	-0,98987	0,99003	0,	3,5337e-002
9886	-0,83906	1,1207	0,	4,0382e-002
9887	-0,6709	1,2288	0,	3,8226e-002
9888	-0,4891	1,3118	0,	3,3726e-002
9889	-0,29754	1,368	0,	2,3936e-002
9890	-9,9876e-002	1,3964	0,	1,1082e-002
10395	-7,0488e-002	0,10437	0,	-0,1629
10396	2,1293e-002	0,1395	0,	-0,16114
10397	-7,8125e-002	0,2197	0,	-0,15143
10398	-7,7337e-002	9,9789e-003	0,	-0,16607
10399	-0,15099	-0,10322	0,	-0,15821
10400	-4,4722e-002	-8,902e-002	0,	-0,16373
10401	-0,17675	9,0175e-002	0,	-0,15709
10402	-4,5266e-003	-0,20189	0,	-0,15572
10403	6,9125e-002	-8,8697e-002	0,	-0,16296
10404	8,7337e-002	0,2242	0,	-0,15079
10405	9,4974e-002	0,10887	0,	-0,16148
10406	0,12044	-2,5771e-002	0,	-0,16247
10407	0,23398	-2,5456e-003	0,	-0,15257
10408	0,14247	4,7402e-002	0,	-0,16156
10409	0,16064	-0,13864	0,	-0,15427
10410	0,20851	0,13209	0,	-0,15065
10411	-0,25876	0,13294	0,	-0,14419
10412	-0,26561	3,8548e-002	0,	-0,14948
10413	-0,2256	-0,14991	0,	-0,14868
10414	-0,25822	-5,0913e-002	0,	-0,14956
10415	-0,34022	-8,1473e-003	0,	-0,13765
10416	9,2969e-002	0,31251	0,	-0,13817
10417	0,16665	0,28187	0,	-0,13837
10418	0,25977	-0,14249	0,	-0,14281
10419	0,34225	-0,13706	0,	-0,13074
10420	0,29443	-7,0285e-002	0,	-0,14226
10421	7,6236e-002	-0,29426	0,	-0,14178
10422	-3,7611e-002	-0,29458	0,	-0,14345
10423	0,29345	0,158	0,	-0,13752
10424	0,24596	0,21946	0,	-0,13821
10425	0,31646	2,8879e-003	0,	-0,14059
10426	0,20846	-0,20542	0,	-0,14318
10427	-0,11786	-0,29614	0,	-0,1408
10428	-3,7101e-002	-0,3885	0,	-0,1273
10429	0,25159	0,30777	0,	-0,12546
10430	-0,25559	0,20659	0,	-0,13834
10431	-0,34444	0,15496	0,	-0,12909
10432	-0,32281	-0,17214	0,	-0,13346
10433	-0,21558	-0,22445	0,	-0,14285
10434	-0,30501	0,28812	0,	-0,12021
10435	-0,21932	0,2661	0,	-0,1345
10436	0,26952	-0,27954	0,	-0,12585
10437	0,17039	-0,2757	0,	-0,13815
10438	0,37987	0,16536	0,	-0,12204
10439	0,34243	7,7989e-002	0,	-0,1349
10440	-0,17695	-0,27334	0,	-0,13988
10441	-0,17644	-0,36726	0,	-0,125
10442	-5,226e-002	0,31376	0,	-0,13902
10443	-0,14404	0,27863	0,	-0,14014
10444	0,1373	-0,36839	0,	-0,12563
10445	0,40288	1,0249e-002	0,	-0,12435
10446	-0,27416	-0,29557	0,	-0,12666
10447	-0,19346	0,36016	0,	-0,12223
10448	0,3347	0,3372	0,	-0,10868
10449	0,25539	0,39961	0,	-0,10879
10450	9,5889e-002	0,39294	0,	-0,12351
10451	1,6575e-002	0,33527	0,	-0,13636
10452	-0,43956	3,8457e-002	0,	-0,1179
10453	-0,43217	-5,1004e-002	0,	-0,11857
10454	-4,934e-002	0,39419	0,	-0,12471
10455	-0,31461	-0,3686	0,	-0,10881
10456	-0,35324	-0,31971	0,	-0,11003
10457	0,39755	0,38733	0,	-8,7795e-002
10458	0,39375	0,2955	0,	-0,10416
10459	0,42121	0,23022	0,	-0,10689
10460	0,47018	0,15022	0,	-0,10304
10461	-0,42149	0,13719	0,	-0,1149
10462	-0,51344	9,4331e-002	0,	-9,7513e-002
10463	-0,38635	0,28721	0,	-0,10526
10464	-0,35008	0,34672	0,	-0,10251
10465	0,45988	-5,7835e-002	0,	-0,11009
10466	0,48585	1,7266e-002	0,	-0,10496
10467	0,12105	-0,44711	0,	-0,11006
10468	0,2152	-0,42855	0,	-0,10562
10469	0,48406	0,28035	0,	-8,5664e-002
10470	-0,41832	0,21084	0,	-0,10902
10471	-0,39191	0,40399	0,	-8,3119e-002
10472	-0,31057	0,4049	0,	-9,8169e-002
10473	0,26837	-0,48454	0,	-8,5075e-002
10474	0,28463	-0,40581	0,	-0,10071
10475	0,13026	0,45525	0,	-0,10813
10476	5,3869e-002	0,47802	0,	-0,10594
10477	0,50106	8,492e-002	0,	-9,9815e-002
10478	0,55806	1,6836e-002	0,	-8,6014e-002
10479	-0,23274	-0,41996	0,	-0,10987
10480	-0,17366	-0,44277	0,	-0,10997
10481	0,32293	-0,34685	0,	-0,10642
10482	0,361	-0,27657	0,	-0,11124
10483	-2,4817e-002	0,47767	0,	-0,1059
10484	-9,3652e-002	0,45616	0,	-0,1089
10485	-0,16876	0,43877	0,	-0,10804
10486	-0,24405	0,42624	0,	-0,10294
10487	-1,369e-002	-0,46215	0,	-0,11145
10488	-9,3944e-002	-0,46371	0,	-0,10973
10489	-0,39715	-0,22774	0,	-0,11371
10490	-0,40717	-0,1532	0,	-0,11874
10491	0,39904	-0,20584	0,	-0,11274
10492	0,43369	-0,13364	0,	-0,1119
10493	-0,4634	0,26944	0,	-9,105e-002
10494	0,5424	0,14979	0,	-8,4804e-002
10495	0,37611	-0,40284	0,	-8,5387e-002
10496	-0,28587	0,48351	0,	-8,3603e-002
10497	-5,828e-004	-0,54889	0,	-8,9261e-002
10498	5,6259e-002	-0,47369	0,	-0,10755
10499	-0,5065	-0,1066	0,	-9,9484e-002
10500	0,51667	-0,12662	0,	-9,2052e-002
10501	9,5559e-003	0,53998	0,	-8,9973e-002
10502	-0,31182	-0,44411	0,	-9,3679e-002
10503	0,19947	0,447	0,	-0,10495
10504	0,28258	0,47643	0,	-8,7877e-002
10505	-0,14424	0,52224	0,	-8,8994e-002
10506	0,13416	-0,53385	0,	-8,7628e-002
10507	0,45245	-0,27315	0,	-9,1987e-002
10508	-0,15024	-0,51642	0,	-9,4199e-002
10509	0,15745	0,53207	0,	-8,716e-002
10510	-0,4376	-0,30077	0,	-9,6242e-002
10511	0,59457	0,19535	0,	-6,6364e-002
10512	0,62545	0,13005	0,	-6,2222e-002
10513	0,62142	-2,5409e-002	0,	-6,7169e-002
10514	0,63664	4,2245e-002	0,	-6,3001e-002
10515	0,4179	0,46084	0,	-6,8127e-002
10516	0,47695	0,41913	0,	-6,3951e-002
10517	-0,55018	0,27259	0,	-6,8927e-002
10518	-0,51821	0,34897	0,	-6,4878e-002
10519	0,53253	0,34585	0,	-6,3426e-002
10520	-0,50108	-0,36941	0,	-7,0549e-002
10521	-0,54499	-0,27744	0,	-7,3564e-002
10522	-0,60456	-9,0008e-002	0,	-7,3815e-002
10523	-0,57956	-0,19221	0,	-7,3934e-002
10524	-0,46203	0,42156	0,	-6,3419e-002
10525	-0,3729	-0,49887	0,	-7,0494e-002
10526	-0,44549	-0,44269	0,	-6,8537e-002
10527	0,34531	0,51701	0,	-6,8663e-002
10528	0,28939	0,5644	0,	-6,4258e-002
10529	0,60934	-0,11659	0,	-6,6666e-002
10530	0,58316	-0,19239	0,	-6,7896e-002
10531	-0,61575	-2,1999e-003	0,	-7,2867e-002
10532	-0,60366	8,8978e-002	0,	-7,306e-002
10533	0,18728	-0,59244	0,	-6,4558e-002
10534	0,27251	-0,55787	0,	-6,3764e-002
10535	4,4121e-002	0,62016	0,	-6,524e-002
10536	0,1353	0,60808	0,	-6,6626e-002
10537	-0,20616	-0,58565	0,	-6,9653e-002
10538	-0,12644	-0,60659	0,	-6,8924e-002
10539	-0,34923	0,53532	0,	-5,7948e-002
10540	-0,28271	0,55666	0,	-6,3187e-002
10541	0,54774	-0,27727	0,	-6,6522e-002
10542	0,5097	-0,348	0,	-6,4506e-002
10543	0,45353	-0,42059	0,	-6,3129e-002
10544	0,41522	-0,47955	0,	-5,8244e-002
10545	-0,12237	0,60862	0,	-6,3427e-002
10546	-0,19748	0,59123	0,	-6,2772e-002
10547	3,4684e-002	-0,63021	0,	-6,2309e-002
10548	-3,5266e-002	-0,61868	0,	-6,7064e-002
10549	0,55999	0,28058	0,	-6,6106e-002
10550	-0,29104	-0,55023	0,	-7,0393e-002
10551	0,20451	0,59982	0,	-6,3699e-002
10552	-0,5856	0,18771	0,	-6,9589e-002
10553	-0,42252	0,47973	0,	-5,892e-002
10554	0,34194	-0,53513	0,	-5,8669e-002
10555	0,12249	-0,61902	0,	-6,0611e-002
10556	-3,4565e-002	0,61981	0,	-6,4286e-002
10557	-0,20389	-0,94383	0,	1,2072e-002
10558	-0,13051	-0,973	0,	1,5261e-002
10559	-0,21513	-1,0385	0,	1,2027e-002
10560	-0,32072	-0,91078	0,	1,0224e-002
10561	-0,2361	-0,84525	0,	8,4339e-003
10562	-1,054	9,6541e-002	0,	1,0886e-002
10563	-0,97042	0,1633	0,	1,0233e-002
10564	-0,96011	8,0529e-002	0,	1,065e-002
10565	-0,74177	0,7893	0,	4,6276e-002
10566	-0,66046	0,86459	0,	4,9938e-002
10567	-0,66829	0,79312	0,	4,9288e-002
10568	-0,39912	-0,89578	0,	1,0729e-002
10569	-0,36691	-0,99437	0,	1,0495e-002
10570	-0,56127	0,7723	0,	4,756e-002
10571	-0,64258	0,69701	0,	4,3569e-002
10572	-0,89271	-0,37556	0,	1,7385e-002
10573	-0,93487	-0,30627	0,	1,7055e-002
10574	-0,82825	-0,30353	0,	1,3914e-002
10575	-5,8665e-002	-1,056	0,	1,8959e-002
10576	-4,7429e-002	-0,96132	0,	2,0352e-002
10577	-0,85875	0,72283	0,	3,7283e-002
10578	-0,81376	0,62884	0,	3,4776e-002
10579	-0,92291	0,63383	0,	2,8953e-002
10580	0,17567	-0,95143	0,	3,735e-002
10581	0,13197	-1,042	0,	3,3433e-002
10582	6,8115e-002	-0,95372	0,	2,8131e-002
10583	1,1251	4,6725e-002	0,	4,6849e-003
10584	1,2142	-1,3774e-003	0,	4,4645e-003
10585	1,1249	-5,0529e-002	0,	3,6814e-003
10586	0,92122	-0,65019	0,	2,2551e-002
10587	0,97452	-0,57191	0,	1,5728e-002
10588	1,0211	-0,66056	0,	1,6241e-002
10589	-1,0334	0,26776	0,	1,0686e-002
10590	-0,9396	0,25175	0,	1,0904e-002
10591	0,4931	-0,93289	0,	5,0351e-002
10592	0,3822	-0,9053	0,	4,8417e-002
10593	0,4506	-0,8479	0,	4,9019e-002
10594	1,0988	0,31881	0,	8,4896e-003
10595	1,0161	0,32071	0,	8,0585e-003
10596	1,076	0,41206	0,	9,3401e-003
10597	0,3783	0,98557	0,	2,0154e-003
10598	0,4131	0,87559	0,	1,3282e-003
10599	0,29348	0,91748	0,	2,9195e-003
10600	0,65277	0,70187	0,	3,8398e-003
10601	0,60476	0,77345	0,	3,801e-003
10602	0,71722	0,77185	0,	6,4693e-003
10603	1,0131	-0,3277	0,	4,7092e-003
10604	0,90377	-0,38159	0,	1,0036e-002
10605	0,92764	-0,28683	0,	5,4098e-003
10606	0,54546	-0,77965	0,	4,7929e-002
10607	0,43456	-0,75206	0,	3,3354e-002
10608	0,61353	0,61211	0,	-3,0242e-003
10609	0,72599	0,6105	0,	4,7809e-003
10610	0,46518	1,0456	0,	3,0137e-003
10611	0,34556	1,0874	0,	2,5376e-003
10612	-0,89694	0,3528	0,	1,4333e-002
10613	-0,83392	0,24834	0,	8,3356e-003
10614	-0,87134	4,0391e-002	0,	7,5524e-003
10615	-0,95487	-2,6363e-002	0,	1,1976e-002
10616	6,6263e-002	-1,1311	0,	2,6264e-002
10617	0,17382	-1,1288	0,	3,392e-002
10618	0,81001	-0,65381	0,	3,0192e-002
10619	0,85662	-0,74246	0,	3,1347e-002
10620	-0,50801	-0,92504	0,	1,1547e-002
10621	-0,46182	-0,84145	0,	1,1257e-002
10622	-0,80909	0,79764	0,	4,3212e-002
10623	-0,80126	0,86911	0,	4,5191e-002
10624	-0,43593	-1,0646	0,	1,0115e-002
10625	-0,50865	-1,1106	0,	9,4214e-003
10626	-0,51803	-1,0254	0,	1,0688e-002
10627	-0,74591	-0,85549	0,	1,3071e-002
10628	-0,65978	-0,80764	0,	1,4031e-002
10629	-0,65684	-0,91856	0,	1,2398e-002
10630	-0,32207	0,91039	0,	4,5084e-002
10631	-0,40261	0,89521	0,	4,9376e-002
10632	-0,3695	0,99352	0,	4,6093e-002
10633	1,0374	0,11252	0,	4,5135e-003
10634	1,1266	0,16167	0,	6,3999e-003
10635	-0,7132	-0,6407	0,	1,6092e-002
10636	-0,81213	-0,65141	0,	1,6261e-002
10637	-0,77648	-0,54754	0,	1,7181e-002
10638	0,33211	-1,015	0,	4,6849e-002
10639	0,28961	-0,93003	0,	4,4528e-002
10640	-0,73791	0,92624	0,	4,7702e-002
10641	-0,66444	0,93006	0,	4,9489e-002
10642	-2,5781e-002	-1,1335	0,	1,9786e-002
10643	-0,10887	-1,1452	0,	1,4823e-002
10644	-0,71398	0,62132	0,	3,7059e-002
10645	-0,77814	0,53232	0,	2,7538e-002
10646	0,93025	0,27962	0,	5,5784e-003
10647	0,90749	0,37286	0,	6,4319e-003
10648	-0,16403	1,2101	0,	2,3452e-002
10649	-0,10586	1,1436	0,	2,2112e-002
10650	-0,19719	1,1328	0,	2,9026e-002
10651	0,65345	-0,81079	0,	4,5999e-002
10652	0,74221	-0,85706	0,	4,2033e-002
10653	0,65026	-0,92176	0,	4,7188e-002
10654	-0,94027	0,44802	0,	1,7795e-002
10655	-1,0394	0,46166	0,	1,4938e-002
10656	-0,97707	0,55347	0,	2,1313e-002
10657	-0,19906	-1,1338	0,	1,1489e-002
10658	-0,27244	-1,1046	0,	1,0356e-002
10659	1,0969	-0,32345	0,	3,6034e-003
10660	1,0731	-0,41821	0,	5,7839e-003
10661	-0,95167	-0,2039	0,	1,5251e-002
10662	-1,0161	-0,27593	0,	1,5631e-002
10663	-3,7333e-003	-0,8707	0,	1,9119e-002
10664	-0,83459	0,44462	0,	2,0847e-002
10665	-0,60696	0,60049	0,	2,2781e-002
10666	-0,91824	0,80263	0,	3,6502e-002
10667	-0,58073	-0,97106	0,	1,1529e-002
10668	-1,1262	0,50096	0,	1,2244e-002
10669	-1,0894	0,39551	0,	1,1505e-002
10670	0,255	-1,1331	0,	3,9135e-002
10671	0,18929	-1,2222	0,	3,1496e-002
10672	-0,16618	-1,2113	0,	1,1039e-002
10673	-0,35753	-1,0796	0,	9,9202e-003
10674	0,3558	1,1839	0,	2,2248e-003
10675	0,26892	1,124	0,	3,5467e-003
10676	0,63741	-0,71495	0,	4,255e-002
10677	-0,81423	-0,92441	0,	1,0888e-002
10678	-0,81717	-0,81349	0,	1,3076e-002
10679	1,2201	0,17992	0,	6,8187e-003
10680	1,1323	0,24572	0,	7,5414e-003
10681	1,1909	-0,3402	0,	2,2442e-003
10682	1,1309	-0,24969	0,	2,7551e-003
10683	0,92565	-0,81121	0,	2,8296e-002
10684	0,81444	-0,81483	0,	3,6458e-002
10685	-1,0383	-7,9889e-002	0,	1,3281e-002
10686	-0,94951	-0,12003	0,	1,3872e-002
10687	0,18638	0,94317	0,	6,5548e-003
10688	0,22118	0,8332	0,	4,0158e-004
10689	0,94934	0,16705	0,	3,4359e-003
10690	0,94787	5,2101e-002	0,	1,9393e-003
10691	0,71357	-0,63887	0,	3,5966e-002
10692	0,77817	-0,5466	0,	2,5587e-002
10693	-0,64173	-0,71274	0,	1,5038e-002
10694	-0,55266	-0,77581	0,	1,2798e-002
10695	0,83843	-0,22649	0,	-2,0752e-004
10696	0,94775	-0,1726	0,	2,6857e-003
10697	-1,1121	-0,22555	0,	1,3394e-002
10698	-1,0953	-0,32792	0,	1,3721e-002
10699	-0,85908	-0,74064	0,	1,3657e-002
10700	-0,92237	-0,64748	0,	1,3986e-002
10701	-1,132	0,22752	0,	9,7546e-003
10702	-1,1011	0,31597	0,	1,0249e-002
10703	0,51912	0,82358	0,	2,817e-003
10704	0,58356	0,89356	0,	4,4163e-003
10705	0,42063	-1,0741	0,	4,7381e-002
10706	0,32805	-1,0988	0,	4,4343e-002
10707	0,85224	0,43819	0,	5,8647e-003
10708	0,93807	0,47928	0,	8,5994e-003
10709	0,66117	-1,0214	0,	4,4182e-002
10710	0,57241	-0,97515	0,	4,8515e-002
10711	-0,66706	1,0331	0,	4,6917e-002
10712	-0,5896	0,97141	0,	4,9869e-002
10713	-0,35801	1,0792	0,	4,2253e-002
10714	-0,43856	1,0641	0,	4,5828e-002
10715	0,60663	0,97183	0,	4,7612e-003
10716	0,54646	1,0248	0,	3,735e-003
10717	0,65517	1,0529	0,	4,9008e-003
10718	-1,129	-3,8513e-002	0,	1,2026e-002
10719	-1,2179	1,6241e-003	0,	1,0138e-002
10720	-1,1325	5,3912e-002	0,	1,1023e-002
10721	0,93191	-0,492	0,	1,3885e-002
10722	1,0318	-0,50237	0,	9,8502e-003
10723	1,1255	-0,16579	0,	2,6341e-003
10724	1,0364	-0,11769	0,	2,0058e-003
10725	0,86757	0,71464	0,	8,9619e-003
10726	0,92637	0,63681	0,	9,4685e-003
10727	0,82402	0,62243	0,	7,695e-003
10728	0,76117	0,85923	0,	7,3767e-003
10729	0,80918	0,78765	0,	8,0775e-003
10730	-0,27216	1,104	0,	3,6143e-002
10731	-0,21398	1,0375	0,	3,4247e-002
10732	1,1181	0,49323	0,	1,0095e-002
10733	1,0354	0,49513	0,	9,7292e-003
10734	-0,47108	0,84024	0,	5,0369e-002
10735	-0,51851	0,92337	0,	5,1024e-002
10736	-4,2979e-002	0,95915	0,	2,2051e-002
10737	-0,12829	0,97203	0,	2,9698e-002
10738	-5,3706e-002	1,0535	0,	2,0654e-002
10739	-0,93737	-0,46827	0,	1,6896e-002
10740	-0,83076	-0,46553	0,	1,7584e-002
10741	0,22575	-0,8417	0,	3,1114e-002
10742	-0,73481	0,4371	0,	1,6267e-002
10743	-1,0221	0,64747	0,	2,277e-002
10744	1,2194	-0,18253	0,	2,4905e-003
10745	1,6063e-002	-1,2203	0,	1,9848e-002
10746	0,81125	-0,9258	0,	3,8177e-002
10747	0,51372	1,1266	0,	3,2134e-003
10748	1,1157	-0,49812	0,	6,0074e-003
10749	-0,34146	-1,1749	0,	8,5782e-003
10750	-0,66686	-1,0189	0,	1,0503e-002
10751	-0,80524	0,93458	0,	4,5216e-002
10752	1,1922	0,33707	0,	8,819e-003
10753	-0,86825	-0,15037	0,	1,1548e-002
10754	-0,73182	-0,45482	0,	1,256e-002
10755	0,84076	0,2192	0,	-2,5429e-003
10756	0,60558	-0,60773	0,	2,7377e-002
10757	0,84646	-0,45113	0,	1,5518e-002
10758	-0,44537	0,74413	0,	3,1921e-002
10759	-0,44377	-0,74655	0,	7,9977e-003
10760	0,94722	-5,7344e-002	0,	9,031e-004
10761	0,78479	0,53267	0,	5,3728e-003
10762	-2,0544e-002	1,1307	0,	1,6387e-002
10763	-1,1879	0,35527	0,	8,6059e-003
10764	-0,34122	1,1745	0,	3,6427e-002
10765	0,34352	-1,1922	0,	4,0807e-002
10766	-1,1236	-0,13218	0,	1,2727e-002
10767	0,69227	0,9217	0,	6,2508e-003
10768	-0,9274	-0,80956	0,	1,1117e-002
10769	0,50401	-1,0326	0,	4,8429e-002
10770	-0,52113	1,0264	0,	4,7772e-002
10771	0,91153	0,80203	0,	9,2508e-003
10772	0,98015	0,56046	0,	9,6713e-003
10773	-1,1429	0,13668	0,	1,012e-002
10774	-1,1829	-0,35932	0,	1,1262e-002
10775	-1,0869	-0,4097	0,	1,3475e-002
10776	-0,20326	0,94322	0,	3,7063e-002
10777	0,19721	1,2168	0,	3,5632e-003
10778	0,18697	1,1203	0,	5,3783e-003
10779	-0,97544	-0,56754	0,	1,4186e-002
10780	-1,0374	-0,47757	0,	1,3969e-002
10781	7,2845e-002	0,94973	0,	1,2436e-002
10782	0,14515	1,034	0,	7,6615e-003
10783	0,75003	-0,43619	0,	1,5432e-002
10784	0,43429	0,75549	0,	-3,5406e-003
10785	-0,77185	-0,12106	0,	-1,8382e-002
10786	-0,77401	-0,20493	0,	-1,1565e-002
10787	0,75421	0,42626	0,	-1,6215e-003
10788	-0,60608	-0,60887	0,	1,095e-002
10789	0,85919	-2,8165e-003	0,	-4,9252e-003
10790	0,49995	-1,1164	0,	4,567e-002
10791	-0,50964	1,1121	0,	4,4087e-002
10792	-1,2028	-0,18417	0,	1,1179e-002
10793	0,78424	0,9375	0,	7,2132e-003
10794	-1,2106	0,18489	0,	8,8623e-003
10795	1,0237	0,65266	0,	1,031e-002
10796	-1,7421e-003	0,86831	0,	1,5017e-002
10797	7,3431e-002	1,1269	0,	1,0381e-002
10798	-1,125	-0,50897	0,	1,1383e-002
10799	-0,44082	0,64233	0,	-4,8461e-003
10800	-0,35063	0,71027	0,	1,6345e-003
10801	-0,73354	0,26588	0,	-1,3436e-002
10802	-0,7762	0,16482	0,	-1,3148e-002
10803	-0,26764	-0,74401	0,	-1,3572e-002
10804	-0,15082	-0,77707	0,	-1,0309e-002
10805	0,43775	-0,64614	0,	-2,982e-003
10806	0,34289	-0,71439	0,	-7,2408e-005
10807	1,307	-4,9316e-002	0,	3,7086e-003
10808	1,3072	4,7938e-002	0,	4,8094e-003
10809	-1,0137	-0,82678	0,	9,1341e-003
10810	-0,97175	-0,89964	0,	8,831e-003
10811	-0,83	-1,0121	0,	9,0858e-003
10812	-0,90126	-0,97014	0,	8,8735e-003
10813	1,3001	0,14756	0,	6,1216e-003
10814	1,3057	0,23161	0,	7,1553e-003
10815	-0,22731	1,2925	0,	2,3782e-002
10816	-0,13597	1,3033	0,	1,7271e-002
10817	-1,0129	0,82243	0,	3,0621e-002
10818	-0,96322	0,89723	0,	3,6083e-002
10819	1,0128	-0,82793	0,	2,2529e-002
10820	0,97067	-0,9003	0,	2,7304e-002
10821	-0,32548	-1,2716	0,	6,9945e-003
10822	-0,41056	-1,2465	0,	7,1313e-003
10823	1,2501	-0,40427	0,	1,8522e-003
10824	1,2841	-0,33051	0,	1,6683e-003
10825	0,15368	-1,3018	0,	2,5632e-002
10826	0,23486	-1,3061	0,	3,008e-002
10827	0,58831	1,1897	0,	3,2123e-003
10828	0,50704	1,2104	0,	2,5314e-003
10829	-1,2248	0,50822	0,	8,7479e-003
10830	-1,1748	0,57437	0,	1,1861e-002
10831	-0,23637	0,84491	0,	3,2685e-002
10832	2,1278e-002	1,2171	0,	1,0654e-002
10833	-1,0224	-0,65677	0,	1,1531e-002
10834	0,14822	0,76736	0,	-1,3996e-002
10835	0,25531	0,74166	0,	-1,6715e-002
10836	0,76718	-0,14731	0,	-1,731e-002
10837	0,74708	-0,26154	0,	-1,2072e-002
10838	0,71507	0,33893	0,	-1,6019e-002
10839	0,64761	0,43341	0,	-1,8563e-002
10840	-0,64167	0,43846	0,	-1,084e-002
10841	-0,69812	0,35076	0,	-1,2191e-002
10842	-0,35253	-0,70859	0,	-1,3244e-002
10843	-0,44336	-0,64295	0,	-1,5061e-002
10844	0,3402	0,70624	0,	-1,7641e-002
10845	0,44622	0,65423	0,	-1,6558e-002
10846	0,71166	-0,34642	0,	-9,8634e-003
10847	0,64336	-0,44189	0,	-6,635e-003
10848	0,59203	0,50669	0,	-1,8987e-002
10849	0,51881	0,59805	0,	-1,6678e-002
10850	0,51103	-0,59056	0,	-1,8242e-003
10851	0,58719	-0,51448	0,	-4,7701e-003
10852	-0,73185	-0,27421	0,	-1,7681e-002
10853	-0,78305	-3,325e-002	0,	-1,6741e-002
10854	-0,78829	7,3642e-002	0,	-1,5013e-002
10855	0,25766	-0,74896	0,	-3,4545e-004
10856	0,14371	-0,77036	0,	-5,1165e-003
10857	5,5906e-002	-0,78155	0,	-6,188e-003
10858	-5,9639e-002	-0,78915	0,	-8,9956e-003
10859	-0,5141	0,58674	0,	-5,9386e-003
10860	-1,127	0,66198	0,	1,7002e-002
10861	0,67592	1,1418	0,	4,3076e-003
10862	5,4054e-002	-1,309	0,	1,8872e-002
10863	-1,2597	0,4147	0,	7,1309e-003
10864	-1,2715	0,33515	0,	7,0633e-003
10865	1,3053	-0,23289	0,	1,9741e-003
10866	0,33687	1,2819	0,	1,6085e-003
10867	0,41351	1,2453	0,	1,9585e-003
10868	-0,13766	-1,3042	0,	9,8074e-003
10869	-0,22786	-1,2928	0,	7,772e-003
10870	-0,89272	0,96772	0,	4,0944e-002
10871	0,90017	-0,97079	0,	3,292e-002
10872	0,1573	1,2995	0,	3,3665e-003
10873	5,7627e-002	1,3066	0,	6,4919e-003
10874	-1,3107	4,7025e-002	0,	8,1074e-003
10875	-1,3036	0,14669	0,	7,5722e-003
10876	1,1739	-0,58196	0,	5,5227e-003
10877	1,2152	-0,49779	0,	3,2216e-003
10878	0,3324	-1,2849	0,	3,617e-002
10879	0,40545	-1,2506	0,	4,008e-002
10880	-0,50409	-1,2117	0,	7,7115e-003
10881	1,251	0,40225	0,	9,3605e-003
10882	1,2845	0,32915	0,	8,4671e-003
10883	-0,32485	1,2713	0,	3,0594e-002
10884	1,1755	0,57885	0,	1,0522e-002
10885	1,1276	0,66664	0,	1,0631e-002
10886	-1,1745	-0,57911	0,	9,4417e-003
10887	-1,1266	-0,66691	0,	9,3403e-003
10888	1,0728	-0,74784	0,	1,5775e-002
10889	-0,6738	-1,1246	0,	8,488e-003
10890	-0,74991	-1,0721	0,	8,7582e-003
10891	-0,58742	-0,51474	0,	-1,6925e-002
10892	-0,64301	-0,44146	0,	-1,7515e-002
10893	-0,74944	1,0847	0,	4,3675e-002
10894	-0,6746	1,1261	0,	4,2881e-002
10895	0,74801	-1,0729	0,	4,0015e-002
10896	0,67016	-1,1263	0,	4,1703e-002
10897	0,58236	-1,1742	0,	4,2401e-002
10898	0,49898	-1,2157	0,	4,2139e-002
10899	-0,5868	1,174	0,	4,1741e-002
10900	-0,50423	1,2117	0,	3,9494e-002
10901	0,81618	1,0289	0,	6,7097e-003
10902	0,88508	0,96644	0,	7,8314e-003
10903	-1,3	-0,14502	0,	8,9535e-003
10904	-1,2885	-0,23839	0,	9,1043e-003
10905	-1,2589	-0,41771	0,	9,1394e-003
10906	-1,2673	-0,33593	0,	9,37e-003
10907	1,014	0,82294	0,	9,8216e-003
10908	0,95557	0,89595	0,	8,9988e-003
10909	0,76873	0,14112	0,	-1,8498e-002
10910	0,77992	5,3314e-002	0,	-1,9621e-002
10911	-0,14659	0,77767	0,	-1,7203e-003
10912	-5,8783e-002	0,78887	0,	-3,4226e-003
10913	-0,69728	-0,35944	0,	-1,6285e-002
10914	-0,5855	0,51105	0,	-9,226e-003
10915	-0,51595	-0,58677	0,	-1,7229e-002
10916	0,74964	0,2537	0,	-1,623e-002
10917	-0,2654	0,74485	0,	2,6573e-004
10918	5,7041e-002	0,77945	0,	-1,1897e-002
10919	0,77927	-5,6131e-002	0,	-1,8434e-002
10920	-1,0728	0,74234	0,	2,3216e-002
10921	0,73609	1,0889	0,	5,3294e-003
10922	-3,7991e-002	-1,3113	0,	1,3821e-002
10923	1,2999	-0,14899	0,	2,7189e-003
10924	-1,2927	0,23753	0,	7,1753e-003
10925	0,23925	1,3031	0,	2,0874e-003
10926	-0,82938	1,0249	0,	4,3322e-002
10927	0,82794	-1,013	0,	3,7347e-002
10928	-3,6349e-002	1,3104	0,	1,0846e-002
10929	-1,3071	-4,5401e-002	0,	8,5972e-003
10930	-0,58619	-1,1724	0,	8,1739e-003
10931	-0,4107	1,2466	0,	3,5738e-002
10932	1,0738	0,743	0,	1,0418e-002
10933	-1,0735	-0,74685	0,	9,2754e-003
10934	1,2162	0,49578	0,	1,0161e-002
10935	-1,2241	-0,51124	0,	9,1388e-003
10936	1,1261	-0,66957	0,	1,0221e-002
3724	1,3936	1,3763	0,	4,6799e-003
3725	1,4519	1,6526	0,	2,0085e-003
3726	1,6681	1,4352	0,	4,159e-003
3730	-1,955	-0,13772	0,	1,692e-003
3731	-2,2012	-4,1716e-003	0,	8,7448e-004
3732	-1,9574	0,11953	0,	1,3244e-003
3736	1,6759	0,48673	0,	6,6955e-003
3737	1,9129	0,40754	0,	3,7574e-003
3738	1,7284	0,24147	0,	3,8499e-003
3742	-1,9303	0,35705	0,	1,1263e-003
3743	-2,1732	0,2959	0,	7,2358e-004
3746	-1,4681	0,95166	0,	6,8406e-003
3747	-1,7101	0,95777	0,	1,7845e-003
3748	-1,5642	1,1797	0,	7,0064e-003
3752	-1,3888	1,3812	0,	1,6265e-002
3753	-1,3216	1,1439	0,	1,7358e-002
3756	0,39578	1,9209	0,	3,2177e-004
3757	0,604	2,1083	0,	2,77e-004
3758	0,63065	1,858	0,	3,6808e-004
3762	-1,946	-0,88158	0,	1,8402e-003
3763	-1,8583	-0,62464	0,	2,359e-003
3764	-1,6427	-0,74691	0,	3,2473e-003
3768	1,1956	1,5527	0,	2,3377e-003
3770	-1,7426	0,23681	0,	2,1049e-003
3772	1,1541	1,3146	0,	4,873e-003
3774	-1,6918	-0,98802	0,	2,5323e-003
3776	-1,8464	1,1989	0,	1,4916e-003
3778	0,48242	1,69	0,	4,209e-004
3780	-1,6617	1,4451	0,	7,0866e-003
3782	-1,7504	-5,5423e-003	0,	2,5307e-003
3784	-1,6902	-0,48064	0,	3,3776e-003
3786	-0,93397	-1,7163	0,	1,6331e-003
3787	-0,94152	-1,4679	0,	2,9281e-003
3788	-0,72219	-1,5875	0,	2,4538e-003
3792	0,24053	-1,7258	0,	1,2658e-002
3793	0,40589	-1,9103	0,	1,2806e-002
3794	0,13225	-1,948	0,	4,0619e-003
3798	-0,14083	-1,9482	0,	1,2843e-003
3799	-3,048e-003	-1,7431	0,	4,2811e-003
3802	9,339e-003	2,2061	0,	4,0068e-004
3803	0,13786	1,9577	0,	3,9888e-004
3804	-0,11934	1,9636	0,	1,1937e-003
3808	-0,28327	2,1841	0,	1,3282e-003
3809	-0,35384	1,944	0,	4,8522e-003
3812	-1,8178	0,73942	0,	1,128e-003
3813	-1,5943	0,74014	0,	2,2774e-003
3816	-1,1892	1,5526	0,	1,9436e-002
3817	-1,1521	1,3145	0,	2,5534e-002
3820	1,8349	0,67766	0,	6,2462e-003
3822	1,8541	1,1843	0,	5,5486e-003
3823	1,7189	0,93361	0,	7,3719e-003
3824	1,5693	1,1687	0,	6,8625e-003
3828	-1,3767	-1,3891	0,	2,3924e-003
3829	-1,314	-1,1501	0,	3,5367e-003
3830	-1,1396	-1,3206	0,	3,345e-003
3834	-0,41205	-1,9097	0,	1,1228e-003
3835	-0,31113	-2,1751	0,	6,4539e-004
3838	1,3168	-1,1438	0,	1,0126e-002
3839	1,5618	-1,1732	0,	2,8735e-003
3840	1,3804	-1,3834	0,	1,0116e-002
3844	0,67662	-1,8326	0,	1,9439e-002
3845	0,60904	-2,1117	0,	1,2031e-002
3848	0,30653	2,1824	0,	2,8285e-004
3850	-1,92	-0,39324	0,	2,0917e-003
3851	-1,7332	-0,24203	0,	3,0588e-003
3854	0,93381	-1,7157	0,	1,8286e-002
3855	0,72172	-1,5865	0,	2,5295e-002
3858	1,7145	-0,93581	0,	4,7904e-004
3859	1,4663	-0,9438	0,	2,5961e-003
3862	1,8324	-0,67956	0,	3,1019e-004
3863	1,5868	-0,72279	0,	4,5095e-004
3866	-1,5544	-1,1898	0,	2,5123e-003
3867	-1,836	-1,1929	0,	1,7397e-003
3870	-0,67895	-1,8324	0,	1,3002e-003
3871	-0,6147	-2,1097	0,	6,9442e-004
3874	0,89028	1,9441	0,	3,7667e-004
3875	0,75216	1,6421	0,	7,8584e-004
3878	2,0047	0,90617	0,	5,1686e-003
3880	-0,85376	1,9207	0,	1,2329e-002
3881	-0,5318	1,7629	0,	1,4348e-002
3882	-0,76883	1,6209	0,	2,0746e-002
3886	2,1136	0,60981	0,	3,4222e-003
3888	0,90596	-2,0021	0,	1,4108e-002
3890	1,5885	0,72278	0,	8,5644e-003
3892	1,8472	-1,1896	0,	5,4421e-004
3894	-0,56803	2,0817	0,	6,6004e-003
3896	0,48391	-1,6741	0,	2,2892e-002
3898	-0,4874	-1,6748	0,	2,0644e-003
3900	-1,4705	-0,95825	0,	3,5492e-003
3902	-1,4425	1,6584	0,	1,3375e-002
3904	-1,9893	0,92269	0,	7,5516e-004
3906	0,24022	1,7341	0,	4,4113e-004
3908	-0,24638	-1,7264	0,	2,0974e-003
3910	1,4698	0,94237	0,	8,8614e-003
3912	1,6577	-1,4423	0,	3,1174e-003
3914	5,6948e-004	1,7539	0,	1,3108e-003
3916	0,30239	-2,1765	0,	4,2268e-003
3918	1,3237	1,1408	0,	7,4523e-003
3920	1,6745	-0,48742	0,	3,8955e-004
3922	-0,24598	1,7522	0,	6,0495e-003
3924	-4,8711e-003	-2,197	0,	8,6577e-004
3926	-2,1798	-0,30167	0,	1,1447e-003
3928	1,2008	1,8325	0,	7,7536e-004
3930	-1,1689	-1,5663	0,	2,0302e-003
3932	-1,7345	0,50715	0,	1,7332e-003
3934	1,9507	0,13235	0,	1,4925e-003
3936	-2,054	0,59983	0,	7,2725e-004
3938	1,4376	-1,6619	0,	9,163e-003
3939	1,1852	-1,8503	0,	1,2095e-002
3940	1,1706	-1,564	0,	1,5977e-002
3944	1,9489	-0,141	0,	5,9375e-004
3945	1,9098	-0,41215	0,	3,5522e-004
3946	1,7266	-0,24681	0,	6,5435e-004
3950	1,1424	-1,3184	0,	1,9385e-002
3952	0,94284	-1,4669	0,	2,3196e-002
3954	-0,98802	1,6815	0,	1,7656e-002
3955	-0,9644	1,4633	0,	2,4849e-002
3958	1,7447	-4,2439e-003	0,	1,6392e-003
3960	0,96299	1,4703	0,	2,3637e-003
3961	0,99509	1,6903	0,	1,0002e-003
3964	-1,6564	-1,4459	0,	1,6851e-003
3966	-0,90946	-2,0007	0,	8,7703e-004
3968	-1,1833	1,8308	0,	1,2906e-002
3970	1,9996	-0,91022	0,	2,9475e-004
3972	-2,1083	-0,59616	0,	1,4569e-003
3974	2,1781	0,3031	0,	1,3562e-003
3976	-1,1876	-1,8503	0,	1,1541e-003
3978	2,1753	-0,31093	0,	3,1596e-004
3980	2,1979	-4,6208e-003	0,	5,2216e-004
3982	-1,4385	-1,6637	0,	1,4615e-003
3984	0,10848	-1,5587	0,	1,2464e-002
3986	-0,93577	-1,2507	0,	4,7779e-003
3988	-1,5646	0,1082	0,	3,8641e-003
3990	-1,1075	1,1037	0,	2,9183e-002
3992	-1,4795	-0,54983	0,	4,9936e-003
3994	1,9903	1,4813	0,	3,2838e-003
3996	-0,83375	2,2969	0,	5,9876e-003
3998	-2,1731	1,1912	0,	5,6259e-004
4000	2,1091	-0,61469	0,	2,6235e-004
4002	-1,4795	0,55072	0,	3,4746e-003
4004	-1,9828	1,4927	0,	1,519e-003
4006	0,17636	2,4759	0,	2,6989e-004
4008	-2,473	-0,17019	0,	6,0497e-004
4010	-2,4705	0,17149	0,	4,9932e-004
4012	-0,1144	1,5692	0,	6,2935e-003
4014	0,54232	-1,4633	0,	3,1608e-002
4016	0,10852	1,5639	0,	1,38e-003
4018	-1,2519	0,93795	0,	1,7195e-002
4020	1,4639	-0,54362	0,	5,6363e-004
4022	1,4639	0,54423	0,	9,0653e-003
4024	1,5591	-0,11245	0,	1,789e-003
4026	0,74805	-1,3704	0,	3,0819e-002
4028	1,2495	-0,93703	0,	9,8114e-003
4030	-1,3854	-0,75539	0,	4,9466e-003
4032	1,5271	-0,32973	0,	8,02e-004
4034	-0,11161	-1,5588	0,	5,0408e-003
4036	-1,5623	-0,1117	0,	4,5136e-003
4038	-1,5432	0,33444	0,	3,4921e-003
4040	-0,76102	1,381	0,	3,0277e-002
4042	1,2519	0,93652	0,	9,5219e-003
4044	-0,74788	-1,3711	0,	4,4029e-003
4046	1,1805	-2,1801	0,	8,8489e-003
4048	-1,1035	-1,1068	0,	5,0293e-003
4050	-1,2519	-0,94123	0,	5,0038e-003
4052	-1,3746	0,75313	0,	6,9387e-003
4054	1,3714	0,74848	0,	1,0037e-002
4056	-1,533	-0,32919	0,	4,9083e-003
4058	-0,9427	1,2501	0,	3,3055e-002
4060	2,1757	-1,1878	0,	3,0176e-004
4062	1,9819	-1,4896	0,	6,1876e-004
4064	0,32675	-1,5268	0,	2,4286e-002
4066	-2,1634	-1,1727	0,	1,1103e-003
4068	0,75784	1,3853	0,	2,3122e-003
4070	1,1084	1,104	0,	7,4946e-003
4071	0,94327	1,2522	0,	4,7422e-003
4074	2,1819	1,1803	0,	3,6574e-003
4076	1,1823	2,1589	0,	3,0178e-004
4077	1,4919	1,9765	0,	6,1016e-004
4080	-1,7505	1,757	0,	6,6838e-003
4082	0,52014	2,4221	0,	2,2185e-004
4084	0,85802	2,3072	0,	2,2271e-004
4086	1,7601	1,7472	0,	1,6644e-003
4088	-0,50158	2,415	0,	1,6772e-003
4090	2,3282	0,85377	0,	2,737e-003
4092	0,16755	-2,4718	0,	7,0211e-004
4094	-0,17609	-2,4711	0,	4,3618e-004
4096	-0,56131	1,4927	0,	2,601e-002
4097	-0,34329	1,5539	0,	1,6852e-002
4100	-0,16311	2,4751	0,	4,1504e-004
4102	0,55139	1,4791	0,	1,0039e-003
4104	-0,54357	-1,464	0,	3,7497e-003
4106	1,527	0,32849	0,	6,6578e-003
4108	0,93663	-1,2501	0,	2,8345e-002
4110	1,5589	0,10751	0,	3,8322e-003
4112	1,3704	-0,74834	0,	2,4755e-003
4114	1,1042	-1,1049	0,	2,1102e-002
4116	-0,32959	-1,5272	0,	3,4461e-003
4118	0,32832	1,5333	0,	5,8471e-004
4120	-1,1873	-2,1769	0,	6,3739e-004
4122	-1,4781	1,9819	0,	8,935e-003
4124	-2,4069	0,51782	0,	4,5914e-004
4126	-1,9825	-1,4832	0,	1,1365e-003
4128	-1,161	2,1552	0,	7,719e-003
4130	-0,86143	-2,3233	0,	4,81e-004
4132	0,51239	-2,4244	0,	4,4813e-003
4134	-2,3098	-0,84718	0,	9,7768e-004
4136	-0,52161	-2,4218	0,	4,0853e-004
4138	-2,4218	-0,51076	0,	7,7168e-004
4140	2,4252	0,51273	0,	1,1942e-003
4142	0,85352	-2,3268	0,	9,7375e-003
4144	-2,308	0,85775	0,	4,7403e-004
4146	2,4216	-0,52143	0,	2,0399e-004
4147	2,3228	-0,86149	0,	2,2502e-004
4150	-1,4883	-1,9843	0,	8,5019e-004
4151	-1,7544	-1,7527	0,	1,0475e-003
4154	1,482	-1,9874	0,	7,174e-003
4156	2,4713	-0,17588	0,	2,5111e-004
4158	1,7492	-1,7565	0,	3,2577e-003
4160	2,4725	0,16786	0,	4,3458e-004
11697	1,4227	1,5144	0,	3,1925e-003
11698	1,56	1,5439	0,	3,0977e-003
11699	1,5308	1,4057	0,	4,4903e-003
11700	-2,0781	-7,0944e-002	0,	1,1896e-003
11701	-2,0793	5,7677e-002	0,	1,066e-003
11702	-1,9562	-9,0946e-003	0,	1,4812e-003
11703	1,7944	0,44713	0,	5,1751e-003
11704	1,8207	0,3245	0,	3,852e-003
11705	1,7022	0,3641	0,	5,352e-003
11706	-1,9439	0,23829	0,	1,1855e-003
11707	-2,0653	0,20771	0,	9,4816e-004
11708	-2,0518	0,32648	0,	8,8255e-004
11709	-1,5891	0,95472	0,	3,4862e-003
11710	-1,6371	1,0687	0,	3,6726e-003
11711	-1,5161	1,0657	0,	7,0552e-003
11712	-1,4765	1,2804	0,	1,1445e-002
11713	-1,3552	1,2625	0,	1,7006e-002
11714	-1,4429	1,1618	0,	1,1226e-002
11715	0,49989	2,0146	0,	2,9929e-004
11716	0,61732	1,9832	0,	3,0962e-004
11717	0,51322	1,8895	0,	3,3143e-004
11718	-1,9022	-0,75311	0,	2,086e-003
11719	-1,7505	-0,68578	0,	2,7984e-003
11720	-1,7944	-0,81425	0,	2,4291e-003
11721	1,2946	1,4645	0,	3,4857e-003
11722	1,3237	1,6026	0,	2,1956e-003
11723	-2,1872	0,14587	0,	7,7997e-004
11724	-1,8365	0,29693	0,	1,5024e-003
11725	-1,85	0,17817	0,	1,6273e-003
11726	1,1749	1,4337	0,	3,4865e-003
11727	1,2738	1,3454	0,	4,8394e-003
11728	-1,8189	-0,9348	0,	2,1673e-003
11729	-1,6672	-0,86747	0,	2,8688e-003
11730	-1,7782	1,0784	0,	1,6416e-003
11731	-1,7053	1,1893	0,	3,277e-003
11732	0,55653	1,774	0,	3,9334e-004
11733	0,4391	1,8055	0,	3,624e-004
11734	-1,5252	1,4132	0,	1,0971e-002
11735	-1,6129	1,3124	0,	7,1851e-003
11736	-1,8527	-7,1629e-002	0,	2,0584e-003
11737	-1,8539	5,6992e-002	0,	1,7939e-003
11738	-1,7743	-0,55264	0,	2,8032e-003
11739	-1,6665	-0,61378	0,	3,3389e-003
11740	-0,93775	-1,5921	0,	2,1634e-003
11741	-0,83186	-1,5277	0,	2,7078e-003
11742	-0,82808	-1,6519	0,	1,9734e-003
11743	0,32321	-1,8181	0,	1,293e-002
11744	0,26907	-1,9292	0,	7,8021e-003
11745	0,18639	-1,8369	0,	7,3743e-003
11746	-4,2907e-003	-1,9481	0,	2,1022e-003
11747	-7,1941e-002	-1,8457	0,	2,168e-003
11748	6,4602e-002	-1,8456	0,	4,2289e-003
11749	7,3599e-002	2,0819	0,	4,2053e-004
11750	9,2616e-003	1,9607	0,	5,7568e-004
11751	-5,4998e-002	2,0848	0,	5,6336e-004
11752	-0,2013	2,0739	0,	1,3538e-003
11753	-0,23659	1,9538	0,	2,5853e-003
11754	-0,31856	2,0641	0,	2,6401e-003
11755	-1,7639	0,84859	0,	1,2835e-003
11756	-1,6522	0,84895	0,	1,9786e-003
11757	-1,7061	0,73978	0,	1,5199e-003
11758	-1,289	1,4669	0,	1,8871e-002
11759	-1,1707	1,4336	0,	2,2535e-002
11760	-1,2704	1,3479	0,	2,0882e-002
11761	1,7554	0,58219	0,	6,5725e-003
11762	1,8739	0,5426	0,	5,1519e-003
11763	1,7865	1,059	0,	6,5083e-003
11764	1,6441	1,0512	0,	7,3927e-003
11765	1,7117	1,1765	0,	6,2884e-003
11766	1,6187	1,302	0,	5,4863e-003
11767	1,4814	1,2725	0,	5,952e-003
11768	-1,3454	-1,2696	0,	2,9158e-003
11769	-1,2268	-1,2354	0,	3,4775e-003
11770	-1,2582	-1,3549	0,	2,8038e-003
11771	-0,27644	-1,9289	0,	1,1422e-003
11772	-0,22598	-2,0616	0,	8,5629e-004
11773	-0,36159	-2,0424	0,	8,3284e-004
11774	1,4393	-1,1585	0,	5,768e-003
11775	1,4711	-1,2783	0,	6,2954e-003
11776	1,3486	-1,2636	0,	1,0478e-002
11777	0,54125	-1,8714	0,	1,6795e-002
11778	0,64283	-1,9721	0,	1,5905e-002
11779	0,50746	-2,011	0,	1,2591e-002
11780	0,35116	2,0517	0,	3,0547e-004
11781	0,26682	1,9393	0,	3,5052e-004
11782	0,22219	2,0701	0,	3,3743e-004
11783	-1,9375	-0,26548	0,	1,9137e-003
11784	-1,8441	-0,18987	0,	2,2876e-003
11785	-1,8266	-0,31764	0,	2,5143e-003
11786	0,80521	-1,7741	0,	1,9735e-002
11787	0,69917	-1,7095	0,	2,2856e-002
11788	0,82776	-1,6511	0,	2,1928e-002
11789	1,6382	-1,0545	0,	1,1365e-003
11790	1,5141	-1,0585	0,	2,8296e-003
11791	1,5904	-0,9398	0,	1,0153e-003
11792	1,7735	-0,80768	0,	3,4573e-004
11793	1,6507	-0,8293	0,	4,9534e-004
11794	1,7096	-0,70117	0,	3,5624e-004
11795	-1,6952	-1,1914	0,	2,0919e-003
11796	-1,7639	-1,0904	0,	2,097e-003
11797	-1,6231	-1,0889	0,	2,534e-003
11798	-0,5455	-1,8711	0,	1,1771e-003
11799	-0,51337	-2,0097	0,	8,667e-004
11800	-0,64683	-1,9711	0,	9,3781e-004
11801	0,82122	1,7931	0,	5,1865e-004
11802	0,6914	1,7501	0,	4,7583e-004
11803	0,76046	1,9011	0,	3,737e-004
11804	1,8618	0,91989	0,	6,2891e-003
11805	1,9198	0,79192	0,	5,7786e-003
11806	1,7769	0,80564	0,	7,0243e-003
11807	-0,69278	1,8418	0,	1,386e-002
11808	-0,65031	1,6919	0,	1,8204e-002
11809	-0,8113	1,7708	0,	1,6121e-002
11810	-1,2368	1,2292	0,	2,2212e-002
11811	1,9294	1,0452	0,	5,5672e-003
11812	-1,5312	0,8459	0,	3,8136e-003
11813	-1,891	-1,0372	0,	1,8189e-003
11814	0,11874	-1,7345	0,	7,7727e-003
11815	-1,7418	-0,12379	0,	2,8256e-003
11816	0,15793	2,1943	0,	3,322e-004
11817	-1,754	1,322	0,	3,5352e-003
11818	0,61729	1,6661	0,	5,4546e-004
11819	0,74714	2,0262	0,	3,0449e-004
11820	1,9742	0,64373	0,	4,7723e-003
11821	2,0133	0,50867	0,	3,6602e-003
11822	0,91988	-1,8589	0,	1,6366e-002
11823	0,79129	-1,9173	0,	1,6778e-002
11824	1,7117	0,70022	0,	7,4571e-003
11825	1,6537	0,82819	0,	8,0472e-003
11826	1,7809	-1,0627	0,	5,4679e-004
11827	1,7045	-1,1814	0,	1,149e-003
11828	-0,54991	1,9223	0,	9,9158e-003
11829	-0,71089	2,0012	0,	1,0019e-002
11830	0,4449	-1,7922	0,	1,7448e-002
11831	0,58026	-1,7533	0,	2,1266e-002
11832	-0,58318	-1,7536	0,	1,6179e-003
11833	-0,44972	-1,7922	0,	1,4968e-003
11834	-1,5125	-1,074	0,	2,9845e-003
11835	-1,5812	-0,97314	0,	2,976e-003
11836	-1,4156	1,5198	0,	1,492e-002
11837	-1,3159	1,6055	0,	1,6561e-002
11838	-1,9035	0,83106	0,	8,8766e-004
11839	-1,8497	0,94023	0,	9,9162e-004
11840	0,318	1,8275	0,	3,7749e-004
11841	0,18904	1,8459	0,	4,4041e-004
11842	-0,32922	-1,818	0,	1,479e-003
11843	-0,19361	-1,8373	0,	1,5879e-003
11844	1,5943	0,93799	0,	8,2051e-003
11845	1,5196	1,0556	0,	7,9439e-003
11846	1,5191	-1,4128	0,	6,0454e-003
11847	1,6098	-1,3077	0,	3,1411e-003
11848	6,9214e-002	1,8558	0,	5,8671e-004
11849	-5,9383e-002	1,8587	0,	1,301e-003
11850	0,35414	-2,0434	0,	7,5399e-003
11851	0,21732	-2,0623	0,	4,2229e-003
11852	1,3586	1,2585	0,	6,0456e-003
11853	1,4465	1,1547	0,	7,2683e-003
11854	1,6306	-0,60511	0,	3,5134e-004
11855	1,7534	-0,58349	0,	3,4872e-004
11856	-0,18266	1,8579	0,	2,7561e-003
11857	-0,29991	1,8481	0,	5,8698e-003
11858	-7,2853e-002	-2,0726	0,	1,0203e-003
11859	6,3691e-002	-2,0725	0,	1,7768e-003
11860	-2,0499	-0,34746	0,	1,5475e-003
11861	-2,0674	-0,21969	0,	1,3925e-003
11862	1,3264	1,7425	0,	1,2679e-003
11863	1,1982	1,6926	0,	1,3387e-003
11864	-1,0552	-1,5171	0,	2,4135e-003
11865	-1,0514	-1,6413	0,	1,823e-003
11866	-1,7386	0,37198	0,	1,8287e-003
11867	-1,8324	0,4321	0,	1,3476e-003
11868	1,9318	0,26994	0,	2,5378e-003
11869	1,8396	0,18691	0,	2,5004e-003
11870	-0,80646	-1,7744	0,	1,4281e-003
11871	-0,70057	-1,7099	0,	1,7451e-003
11872	-2,1136	0,44786	0,	7,0941e-004
11873	-1,9922	0,47844	0,	8,8624e-004
11874	1,3114	-1,7561	0,	1,0881e-002
11875	1,1779	-1,7071	0,	1,3965e-002
11876	1,3041	-1,6129	0,	1,246e-002
11877	1,9294	-0,27658	0,	4,345e-004
11878	1,8182	-0,32948	0,	4,5404e-004
11879	1,8377	-0,1939	0,	6,2785e-004
11880	-1,8051	-0,43694	0,	2,6825e-003
11881	-1,8892	-0,50894	0,	2,2426e-003
11882	1,1565	-1,4412	0,	1,7731e-002
11883	1,2614	-1,3509	0,	1,4617e-002
11884	1,2755	-1,4737	0,	1,3737e-002
11885	0,93832	-1,5913	0,	2,0612e-002
11886	1,0567	-1,5154	0,	1,9432e-002
11887	1,0522	-1,6398	0,	1,7132e-002
11888	-1,0886	1,6171	0,	1,8788e-002
11889	-0,97621	1,5724	0,	2,1066e-002
11890	-1,0768	1,508	0,	2,2296e-002
11891	1,8468	-7,2621e-002	0,	9,5111e-004
11892	1,8477	6,4053e-002	0,	1,5758e-003
11893	1,9498	-4,3236e-003	0,	9,2752e-004
11894	0,97904	1,5803	0,	1,5457e-003
11895	1,0953	1,6215	0,	1,5651e-003
11896	1,0793	1,5115	0,	2,3824e-003
11897	-0,42565	2,1329	0,	3,5496e-003
11898	-0,46093	2,0128	0,	6,0787e-003
11899	-1,1542	-1,4435	0,	2,6057e-003
11900	-1,2728	-1,4777	0,	2,2305e-003
11901	-1,0406	-1,3943	0,	3,1479e-003
11902	-1,7465	0,11564	0,	2,2574e-003
11903	-1,3948	1,0478	0,	1,1558e-002
11904	-1,7117	-0,36134	0,	3,2475e-003
11905	0,45526	2,1454	0,	2,7195e-004
11906	-0,13697	2,1951	0,	5,9625e-004
11907	1,7611	1,3098	0,	5,1029e-003
11908	-1,5566	-0,85258	0,	3,404e-003
11909	0,36222	-1,7	0,	1,793e-002
11910	-1,0582	1,3889	0,	2,6218e-002
11911	0,83228	-1,5267	0,	2,4632e-002
11912	1,7357	-0,12553	0,	1,0508e-003
11913	1,6322	0,60475	0,	7,8664e-003
11914	1,5265	-0,83329	0,	1,0206e-003
11915	-1,5521	1,5518	0,	1,0577e-002
11916	-0,44282	1,8535	0,	9,6236e-003
11917	0,7575	-2,0569	0,	1,4038e-002
11918	1,0586	1,3925	0,	3,5744e-003
11919	1,2296	-1,2311	0,	1,5467e-002
11920	2,0591	0,75799	0,	4,4723e-003
11921	-0,6048	-1,6311	0,	2,1977e-003
11922	1,0595	-1,783	0,	1,5089e-002
11923	1,3967	1,0416	0,	8,4317e-003
11924	-1,9178	1,0608	0,	9,1574e-004
11925	0,36132	1,7121	0,	3,9296e-004
11926	-0,12472	-1,7348	0,	2,7138e-003
11927	-0,12271	1,753	0,	3,0067e-003
11928	1,409	-1,5226	0,	9,9852e-003
11929	0,14876	-2,1867	0,	1,8905e-003
11930	-2,1905	-0,15292	0,	9,9998e-004
11931	-0,46292	-2,1424	0,	6,4991e-004
11932	1,7525	-1,3159	0,	1,2983e-003
11933	1,098	1,7614	0,	8,8676e-004
11934	-0,87842	1,6512	0,	1,9189e-002
11935	-0,92089	1,8011	0,	1,4806e-002
11936	0,94269	1,8172	0,	5,8909e-004
11937	0,87362	1,6662	0,	8,9621e-004
11938	-1,8943	0,55349	0,	1,1011e-003
11939	-1,6054	-1,3179	0,	2,0538e-003
11940	-1,7462	-1,3194	0,	1,7423e-003
11941	-0,7942	-1,9165	0,	1,0487e-003
11942	-0,92172	-1,8585	0,	1,1764e-003
11943	-1,0857	1,7561	0,	1,5138e-002
11944	-1,1863	1,6917	0,	1,6083e-002
11945	1,8571	-0,92301	0,	3,6348e-004
11946	1,916	-0,79489	0,	3,1346e-004
11947	-1,4342	-1,17	0,	2,9635e-003
11948	-1,4656	-1,2895	0,	2,4819e-003
11949	-1,9833	-0,6104	0,	1,8598e-003
11950	-2,0141	-0,4947	0,	1,7406e-003
11951	2,0644	0,21773	0,	1,4379e-003
11952	2,0455	0,35532	0,	2,3563e-003
11953	-1,0608	-1,7833	0,	1,3559e-003
11954	-1,1782	-1,7083	0,	1,5102e-003
11955	1,8711	-0,54586	0,	3,1609e-004
11956	1,7921	-0,44979	0,	3,7832e-004
11957	2,0426	-0,36154	0,	3,4407e-004
11958	2,0621	-0,22596	0,	4,0425e-004
11959	2,0743	6,3865e-002	0,	8,3186e-004
11960	2,0734	-7,2809e-002	0,	5,6098e-004
11961	-1,4076	-1,5264	0,	1,861e-003
11962	-1,3037	-1,615	0,	1,7133e-003
11963	-1,7761	0,62329	0,	1,3344e-003
11964	-1,6644	0,62365	0,	1,8606e-003
11965	0,60281	-1,6303	0,	2,5321e-002
11966	1,5292	0,83258	0,	8,9298e-003
11967	1,3915	-1,0438	0,	5,8592e-003
11968	1,7366	0,11862	0,	2,6528e-003
11969	-0,86662	1,5421	0,	2,2818e-002
11970	1,2389	1,2277	0,	6,2662e-003
11971	-1,3923	-1,0542	0,	3,5425e-003
11972	0,85757	1,5562	0,	1,3813e-003
11973	-0,36689	-1,7006	0,	1,9994e-003
11974	-0,38889	1,7576	0,	1,0763e-002
11975	1,0426	-1,3927	0,	2,152e-002
11976	0,1204	1,744	0,	6,3115e-004
11977	1,7005	-0,36712	0,	4,8061e-004
11978	1,0456	1,8883	0,	5,3646e-004
11979	0,45571	-2,1441	0,	7,81e-003
11980	1,0456	-1,9262	0,	1,3269e-002
11981	-0,158	-2,186	0,	7,0044e-004
11982	1,5476	-1,5521	0,	6,3161e-003
11983	-0,76208	-2,0552	0,	7,6559e-004
11984	-1,3129	1,7446	0,	1,3919e-002
11985	-1,9359	0,66962	0,	9,0056e-004
11986	1,9234	-1,0499	0,	3,6825e-004
11987	-1,5166	-1,4175	0,	1,9986e-003
11988	-2,0272	-0,73887	0,	1,6726e-003
11989	2,1458	0,45645	0,	2,3445e-003
11990	2,1866	-0,15778	0,	3,8087e-004
11991	-1,313	-1,757	0,	1,3048e-003
11992	0,1745	-1,6423	0,	1,279e-002
11993	5,2716e-002	-1,6509	0,	7,4726e-003
11994	-1,0377	-1,2857	0,	3,9533e-003
11995	-0,93865	-1,3593	0,	3,7439e-003
11996	-1,6536	0,17251	0,	2,8103e-003
11997	-1,6575	5,1328e-002	0,	3,1052e-003
11998	-1,1298	1,2091	0,	2,7581e-002
11999	-1,2146	1,1238	0,	2,283e-002
12000	-1,5848	-0,51524	0,	4,1082e-003
12001	-1,5611	-0,64837	0,	3,9812e-003
12002	1,9222	1,3328	0,	4,3786e-003
12003	1,8292	1,4583	0,	3,791e-003
12004	-0,70089	2,1893	0,	6,6571e-003
12005	-0,84375	2,1088	0,	8,8563e-003
12006	-2,0812	1,0569	0,	6,1807e-004
12007	-2,0097	1,1951	0,	7,5215e-004
12008	2,0094	-0,51342	0,	2,9807e-004
12009	1,9708	-0,64712	0,	2,8814e-004
12010	-1,5369	0,64543	0,	2,7317e-003
12011	-1,607	0,52893	0,	2,3826e-003
12012	-1,8223	1,4689	0,	3,3221e-003
12013	-1,9146	1,3458	0,	1,5416e-003
12014	0,24145	2,3292	0,	2,8089e-004
12015	9,285e-002	2,341	0,	3,3022e-004
12016	-2,3264	-0,23593	0,	8,1512e-004
12017	-2,3371	-8,718e-002	0,	7,2792e-004
12018	-2,3359	8,3659e-002	0,	6,4283e-004
12019	-2,3218	0,2337	0,	5,9719e-004
12020	-2,0217	0,76126	0,	7,2691e-004
12021	-1,0185	1,8757	0,	1,2638e-002
12022	-2,1441	-0,44892	0,	1,3143e-003
12023	-1,0485	-1,9255	0,	1,0013e-003
12024	2,188	0,14924	0,	8,0613e-004
12025	-1,5474	-1,5548	0,	1,599e-003
12026	2,1422	-0,46281	0,	2,7582e-004
12027	-2,078	1,3419	0,	7,7474e-004
12028	-2,4717	6,5025e-004	0,	5,4414e-004
12029	-0,18019	1,6607	0,	6,4241e-003
12030	-5,6918e-002	1,6615	0,	2,9054e-003
12031	0,51311	-1,5687	0,	2,7519e-002
12032	0,63202	-1,5249	0,	2,858e-002
12033	5,4545e-002	1,6589	0,	1,3816e-003
12034	0,17437	1,649	0,	6,4875e-004
12035	-1,2867	1,0409	0,	1,749e-002
12036	-1,36	0,94481	0,	1,1089e-002
12037	1,5253	-0,63321	0,	5,1064e-004
12038	1,5692	-0,51552	0,	4,2521e-004
12039	1,5699	0,51548	0,	7,9549e-003
12040	1,5262	0,6335	0,	8,9231e-003
12041	1,6519	-5,8347e-002	0,	1,7214e-003
12042	1,6428	-0,17963	0,	1,0779e-003
12043	0,73488	-1,4785	0,	2,8192e-002
12044	0,84545	-1,4187	0,	2,7109e-002
12045	1,3579	-0,94041	0,	5,3469e-003
12046	1,2832	-1,0404	0,	1,0248e-002
12047	-1,5141	-0,75115	0,	3,9834e-003
12048	-1,428	-0,85682	0,	4,1407e-003
12049	1,6008	-0,40858	0,	5,2811e-004
12050	1,6268	-0,28827	0,	7,2346e-004
12051	-5,7329e-002	-1,651	0,	4,689e-003
12052	-0,179	-1,6426	0,	3,017e-003
12053	-1,6563	-5,862e-002	0,	3,3916e-003
12054	-1,6477	-0,17686	0,	3,6872e-003
12055	-1,6429	0,28563	0,	2,6863e-003
12056	-1,5539	0,22132	0,	3,62e-003
12057	-0,76492	1,5009	0,	2,5296e-002
12058	-0,86271	1,4221	0,	2,7495e-002
12059	1,2878	1,0386	0,	8,5827e-003
12060	1,3608	0,93944	0,	9,321e-003
12061	-0,73504	-1,4793	0,	3,273e-003
12062	-0,8447	-1,4195	0,	3,5799e-003
12063	1,1829	-2,0152	0,	1,0405e-002
12064	1,0433	-2,0911	0,	1,1401e-002
12065	-1,1215	-1,2137	0,	4,1033e-003
12066	-1,2087	-1,1284	0,	4,1679e-003
12067	-1,2829	-1,0456	0,	4,1789e-003
12068	-1,3612	-0,94974	0,	4,1441e-003
12069	-1,427	0,65192	0,	4,4794e-003
12070	-1,4844	0,74664	0,	3,8375e-003
12071	1,4206	0,84543	0,	9,5519e-003
12072	1,48	0,73563	0,	9,3928e-003
12073	-1,6116	-0,40492	0,	4,0342e-003
12074	-1,5063	-0,43951	0,	4,9961e-003
12075	-0,95355	1,3567	0,	2,8965e-002
12076	-1,0474	1,2823	0,	2,9694e-002
12077	2,0876	-1,049	0,	3,1197e-004
12078	2,0115	-1,1887	0,	3,8242e-004
12079	1,9145	-1,3396	0,	6,1471e-004
12080	1,8198	-1,466	0,	1,3165e-003
12081	0,28364	-1,6263	0,	1,7801e-002
12082	0,21761	-1,5428	0,	1,8216e-002
12083	-1,9997	-1,1828	0,	1,3922e-003
12084	-2,0547	-1,0271	0,	1,4132e-003
12085	0,755	1,5137	0,	1,3462e-003
12086	0,86041	1,4278	0,	2,3568e-003
12087	1,1313	1,2093	0,	6,1753e-003
12088	1,0259	1,1781	0,	6,1552e-003
12089	1,0487	1,2834	0,	4,8804e-003
12090	2,0861	1,3308	0,	3,6916e-003
12091	2,018	1,1823	0,	4,604e-003
12092	1,3371	2,0677	0,	4,1027e-004
12093	1,3464	1,9045	0,	7,0045e-004
12094	1,1915	1,9957	0,	4,5242e-004
12095	-1,5965	1,7077	0,	9,8175e-003
12096	-1,7061	1,6011	0,	6,9989e-003
12097	0,41334	2,3023	0,	2,5017e-004
12098	0,56207	2,2652	0,	2,423e-004
12099	0,87415	2,1257	0,	2,7753e-004
12100	0,73101	2,2078	0,	2,5058e-004
12101	1,7141	1,5912	0,	2,7454e-003
12102	1,606	1,6999	0,	1,8645e-003
12103	-0,66766	2,3559	0,	3,8692e-003
12104	-0,5348	2,2484	0,	3,5358e-003
12105	2,1665	0,87997	0,	3,8647e-003
12106	2,2209	0,73179	0,	3,1386e-003
12107	0,23497	-2,3242	0,	1,7048e-003
12108	8,1337e-002	-2,3344	0,	7,6776e-004
12109	-0,24361	-2,3231	0,	5,1257e-004
12110	-9,0479e-002	-2,334	0,	5,5883e-004
12111	-0,54655	1,6278	0,	2,0006e-002
12112	-0,43754	1,6584	0,	1,5849e-002
12113	-0,4523	1,5233	0,	2,2318e-002
12114	-0,22319	2,3296	0,	6,1246e-004
12115	-7,6885e-002	2,3406	0,	4,3191e-004
12116	2,0543	-0,76246	0,	2,6914e-004
12117	-0,66507	1,5568	0,	2,3342e-002
12118	0,95313	1,3612	0,	3,463e-003
12119	-1,4324	-0,65261	0,	5,0164e-003
12120	-1,1797	1,0208	0,	2,3339e-002
12121	-1,5652e-003	-1,5587	0,	8,1129e-003
12122	-1,5634	-1,7491e-003	0,	4,1903e-003
12123	-2,942e-003	1,5665	0,	3,0586e-003
12124	0,64518	-1,4169	0,	3,2205e-002
12125	-1,6389	0,4208	0,	2,4065e-003
12126	-1,1777	-1,024	0,	5,0529e-003
12127	1,5431	-0,22109	0,	1,2137e-003
12128	-0,84182	-1,3109	0,	4,6329e-003
12129	1,3117	0,8425	0,	1,0019e-002
12130	-1,4213	0,8524	0,	6,9969e-003
12131	1,216	1,1224	0,	7,5897e-003
12132	-0,85186	1,3155	0,	3,2206e-002
12133	-0,29463	1,653	0,	1,089e-002
12134	-1,6331	-0,28561	0,	3,9023e-003
12135	0,40533	-1,6005	0,	2,3783e-002
12136	2,0788	-1,3387	0,	3,8728e-004
12137	1,4719	1,8145	0,	1,0837e-003
12138	-4,2702e-003	-2,4714	0,	5,0666e-004
12139	2,0933	1,0433	0,	4,4251e-003
12140	1,0363	2,0515	0,	3,4135e-004
12141	0,68908	2,3647	0,	2,1586e-004
12142	-1,8667	1,6249	0,	3,5791e-003
12143	1,8752	1,6143	0,	2,5552e-003
12144	-0,39243	2,2996	0,	1,6229e-003
12145	6,6266e-003	2,4755	0,	3,3378e-004
12146	0,65177	1,5606	0,	8,8778e-004
12147	0,65461	1,4322	0,	1,5623e-003
12148	-0,63288	-1,5258	0,	3,006e-003
12149	-0,51549	-1,5694	0,	2,6985e-003
12150	1,4954	0,43636	0,	8,0499e-003
12151	1,6014	0,40761	0,	6,7876e-003
12152	0,93973	-1,3585	0,	2,5595e-002
12153	1,0395	-1,2843	0,	2,383e-002
12154	1,6437	0,17449	0,	3,8808e-003
12155	1,6518	5,1632e-002	0,	2,6113e-003
12156	1,4171	-0,64598	0,	1,0488e-003
12157	1,4786	-0,73556	0,	9,5828e-004
12158	1,1768	-1,021	0,	1,585e-002
12159	1,2105	-1,1244	0,	1,537e-002
12160	-0,4085	-1,601	0,	2,6064e-003
12161	-0,28799	-1,6268	0,	2,5911e-003
12162	0,40537	1,6117	0,	4,8292e-004
12163	0,28427	1,6337	0,	4,9916e-004
12164	-1,1874	-2,0136	0,	8,5226e-004
12165	-1,0484	-2,0888	0,	7,4186e-004
12166	-1,3307	1,9063	0,	1,0971e-002
12167	-1,4603	1,8202	0,	1,1096e-002
12168	-2,4387	0,34465	0,	4,7271e-004
12169	-2,29	0,40686	0,	5,6435e-004
12170	-1,8194	-1,4645	0,	1,3844e-003
12171	-1,9092	-1,338	0,	1,3989e-003
12172	-1,0074	2,038	0,	9,8286e-003
12173	-0,9974	2,226	0,	6,9989e-003
12174	-0,88544	-2,162	0,	6,4094e-004
12175	-0,73806	-2,2165	0,	5,7071e-004
12176	0,56071	-2,2681	0,	7,6342e-003
12177	0,40739	-2,3004	0,	4,4918e-003
12178	-2,2366	-1,0099	0,	1,0629e-003
12179	-2,1279	-0,86438	0,	1,3374e-003
12180	-0,56816	-2,2658	0,	5,2453e-004
12181	-0,41637	-2,2985	0,	5,0488e-004
12182	-2,265	-0,55346	0,	1,0566e-003
12183	-2,3008	-0,40622	0,	9,4459e-004
12184	2,3767	0,68325	0,	1,9786e-003
12185	2,2694	0,56127	0,	2,1016e-003
12186	1,017	-2,2534	0,	9,8787e-003
12187	0,87974	-2,1645	0,	1,2337e-002
12188	-2,181	0,72879	0,	5,7972e-004
12189	-2,1487	0,89022	0,	5,8652e-004
12190	2,3722	-0,69146	0,	2,0862e-004
12191	2,2159	-0,73809	0,	2,3755e-004
12192	2,2653	-0,56806	0,	2,3194e-004
12193	-1,6214	-1,8685	0,	9,5714e-004
12194	-1,5965	-1,7082	0,	1,2379e-003
12195	-1,4634	-1,824	0,	1,1037e-003
12196	1,3336	-1,9189	0,	9,4731e-003
12197	1,4598	-1,8247	0,	8,3618e-003
12198	2,3233	-0,24341	0,	2,8333e-004
12199	2,3346	-9,0251e-002	0,	3,3841e-004
12200	1,5934	-1,7092	0,	5,8309e-003
12201	1,7034	-1,5994	0,	3,3945e-003
12202	2,3253	0,23548	0,	7,2214e-004
12203	2,3352	8,1619e-002	0,	4,8177e-004
12204	-0,66116	1,4368	0,	2,8335e-002
12205	-1,5114	0,44258	0,	3,4131e-003
12206	-1,3186	-0,84831	0,	4,9883e-003
12207	1,4176	0,64635	0,	9,7608e-003
12208	1,4955	-0,43668	0,	5,7911e-004
12209	0,85056	1,3187	0,	3,4538e-003
12210	-1,3132	0,84554	0,	1,1387e-002
12211	1,1802	1,0203	0,	8,7219e-003
12212	-1,0196	-1,1787	0,	4,9504e-003
12213	-1,0251	1,1769	0,	3,2522e-002
12214	-0,22884	1,5615	0,	1,1384e-002
12215	-1,5477	-0,22045	0,	4,7553e-003
12216	0,43453	-1,4951	0,	2,8899e-002
12217	0,34825	2,449	0,	2,4165e-004
12218	2,2551	1,0171	0,	3,3291e-003
12219	1,0201	2,2331	0,	2,4708e-004
12220	-0,33234	2,445	0,	7,0847e-004
12221	1,626	1,8618	0,	1,0085e-003
12222	0,5169	1,5846	0,	6,0957e-004
12223	-0,64573	-1,4175	0,	4,1004e-003
12224	1,6277	0,28498	0,	5,2222e-003
12225	0,84234	-1,3103	0,	2,9712e-002
12226	1,559	-2,4706e-003	0,	2,7244e-003
12227	1,4183	-0,84607	0,	2,5795e-003
12228	1,1233	-1,2117	0,	2,0509e-002
12229	-0,2206	-1,543	0,	3,8398e-003
12230	0,21842	1,5486	0,	7,2641e-004
12231	-1,6143	1,8695	0,	8,5293e-003
12232	-2,2305	0,55882	0,	5,6935e-004
12233	-2,0729	-1,3279	0,	1,1451e-003
12234	-1,1722	1,993	0,	1,0088e-002
12235	0,33997	-2,4481	0,	1,932e-003
12236	-1,0243	-2,2501	0,	5,4971e-004
12237	-2,209	-0,72167	0,	1,1926e-003
12238	-0,34885	-2,4464	0,	4,0953e-004
12239	-1,3379	-1,9173	0,	9,9043e-004
12240	2,2985	-0,41618	0,	2,4011e-004
12241	-2,4474	-0,34048	0,	6,8631e-004
12242	2,3017	0,40791	0,	1,3058e-003
12243	0,73128	-2,2193	0,	1,0923e-002
12244	-2,2406	1,0245	0,	5,1044e-004
12245	2,1612	-0,88586	0,	2,5934e-004
12246	2,4719	-4,0117e-003	0,	3,0941e-004
12247	-1,7054	-1,5993	0,	1,3194e-003
12248	1,3313	-2,0838	0,	7,994e-003
12249	1,8655	-1,6231	0,	1,4885e-003
12250	1,543	0,218	0,	5,2454e-003
12251	1,31	-0,84268	0,	5,4356e-003
12252	1,0204	-1,1775	0,	2,537e-002
12253	-0,43658	-1,4956	0,	3,4551e-003
12254	0,43985	1,5062	0,	7,0223e-004
12255	-1,3196	2,0686	0,	8,4642e-003
12256	-0,69152	-2,3726	0,	4,3503e-004
12257	2,4488	0,34029	0,	6,9772e-004
12258	0,68295	-2,3756	0,	7,3581e-003
12259	-2,3575	0,68778	0,	4,5705e-004
12260	2,4464	-0,34865	0,	2,1446e-004
12261	-2,3658	-0,67897	0,	8,8419e-004
12262	-1,3378	-2,0806	0,	7,4413e-004
12263	-1,8685	-1,6179	0,	1,118e-003
12264	2,2492	-1,0246	0,	2,5727e-004
12265	1,6156	-1,872	0,	5,5883e-003
12266	5,424e-002	-1,4794	0,	1,2842e-002
12267	-5,5805e-002	-1,4794	0,	8,0987e-003
12268	5,426e-002	1,482	0,	3,0165e-003
12269	-5,7203e-002	1,4846	0,	6,4857e-003
12270	-1,4811	-5,5849e-002	0,	5,4727e-003
12271	-1,4823	5,4099e-002	0,	5,0714e-003
12272	-0,9264	-1,1543	0,	5,8948e-003
12273	-1,0103	-1,0823	0,	6,0155e-003
12274	0,93015	1,155	0,	5,9336e-003
12275	1,0127	1,0809	0,	7,3973e-003
12276	1,4724	-0,1559	0,	1,8917e-003
12277	1,4564	-0,26454	0,	1,2576e-003
12278	1,2148	0,84675	0,	1,0181e-002
12279	1,2746	0,75273	0,	1,0438e-002
12280	-1,0827	1,0104	0,	2,9889e-002
12281	-1,1549	0,92749	0,	2,3002e-002
12282	-1,324	0,66738	0,	7,4701e-003
12283	-1,3765	0,56617	0,	5,0025e-003
12284	-1,3295	-0,66839	0,	6,0692e-003
12285	-1,3765	-0,56561	0,	6,1102e-003
12286	-0,57135	1,3831	0,	3,1346e-002
12287	-0,6712	1,3273	0,	3,3501e-002
12288	1,3687	0,56281	0,	9,8527e-003
12289	1,3225	0,66494	0,	1,0336e-002
12290	0,56185	-1,3685	0,	3,5453e-002
12291	0,66472	-1,322	0,	3,5031e-002
12292	1,8001	1,9288	0,	8,5953e-004
12293	1,666	2,0435	0,	5,453e-004
12294	0,65115	2,5553	0,	1,8729e-004
12295	0,82009	2,4979	0,	1,8238e-004
12296	2,3678	1,1644	0,	2,6259e-003
12297	2,4409	1,0011	0,	2,2731e-003
12298	-1,9305	1,7986	0,	3,4963e-003
12299	-2,0467	1,6664	0,	1,6837e-003
12300	-0,27102	2,6246	0,	4,34e-004
12301	-0,44025	2,5946	0,	7,2272e-004
12302	8,3773e-002	-2,6359	0,	4,1757e-004
12303	-8,8043e-002	-2,6355	0,	3,6584e-004
12304	-2,6353	8,5745e-002	0,	4,2134e-004
12305	-2,6365	-8,5094e-002	0,	4,5374e-004
12306	1,4795	-5,6225e-002	0,	2,6981e-003
12307	1,4795	5,3754e-002	0,	3,8286e-003
12308	0,92674	-1,1541	0,	3,013e-002
12309	1,0105	-1,0815	0,	2,6568e-002
12310	1,4352	-0,36215	0,	8,8523e-004
12311	1,4036	-0,4691	0,	8,2392e-004
12312	1,081	-1,011	0,	2,1639e-002
12313	1,1537	-0,92703	0,	1,5326e-002
12314	-0,36209	-1,4352	0,	4,2184e-003
12315	-0,46908	-1,4036	0,	4,5539e-003
12316	1,4723	0,15338	0,	5,05e-003
12317	1,4564	0,26387	0,	6,5392e-003
12318	0,36145	1,4383	0,	8,6371e-004
12319	0,47298	1,4112	0,	1,1281e-003
12320	-0,5626	-1,3687	0,	4,9149e-003
12321	-0,66475	-1,3223	0,	5,3645e-003
12322	1,2137	-0,84694	0,	9,8771e-003
12323	1,2741	-0,75259	0,	5,0467e-003
12324	0,56651	1,3763	0,	1,6149e-003
12325	0,66973	1,3294	0,	2,4242e-003
12326	1,3687	-0,56262	0,	1,1283e-003
12327	1,3219	-0,66498	0,	2,5932e-003
12328	0,15393	1,4748	0,	1,5475e-003
12329	-0,15547	-1,4723	0,	5,7141e-003
12330	-1,474	-0,15547	0,	5,7067e-003
12331	-1,4594	-0,26422	0,	5,9144e-003
12332	-1,4114	-0,47207	0,	6,0921e-003
12333	0,15386	-1,4722	0,	1,7722e-002
12334	0,263	-1,4563	0,	2,4723e-002
12335	-0,15682	1,4775	0,	1,1011e-002
12336	-0,27126	1,4698	0,	1,7359e-002
12337	0,46832	-1,4033	0,	3,3675e-002
12338	-0,47782	1,418	0,	2,8149e-002
12339	-1,4432	0,36451	0,	4,4889e-003
12340	-1,4114	0,47265	0,	4,4262e-003
12341	-1,2815	-0,75619	0,	5,9919e-003
12342	-1,2148	-0,84911	0,	6,0112e-003
12343	1,0832	1,0104	0,	8,5496e-003
12344	-1,0807	-1,0118	0,	6,0381e-003
12345	0,75252	-1,2741	0,	3,37e-002
12346	-0,84984	1,2139	0,	3,6457e-002
12347	-0,759	1,2793	0,	3,5033e-002
12348	-1,0122	1,0809	0,	3,4488e-002
12349	0,75734	1,2815	0,	3,3405e-003
12350	0,85006	1,215	0,	4,6769e-003
12351	-0,84631	-1,2143	0,	5,7469e-003
12352	-0,75236	-1,2744	0,	5,5527e-003
12353	-1,2762	0,75499	0,	1,1052e-002
12354	-1,2148	0,8474	0,	1,7226e-002
12355	-1,4752	0,15376	0,	4,8178e-003
12356	1,4351	0,36141	0,	7,8202e-003
12357	1,4036	0,46928	0,	9,0803e-003
12358	-0,28222	-2,622	0,	3,4042e-004
12359	-0,45498	-2,5974	0,	3,2945e-004
12360	-2,6236	-0,27454	0,	5,0276e-004
12361	-0,63385	2,5541	0,	1,9623e-003
12362	-2,6217	0,2799	0,	3,9603e-004
12363	-2,5899	0,45306	0,	3,8589e-004
12364	-8,1554e-002	2,6375	0,	3,2093e-004
12365	8,8181e-002	2,638	0,	2,6334e-004
12366	0,27325	-2,623	0,	7,0535e-004
12367	2,4358	-1,0103	0,	2,1244e-004
12368	2,5056	-0,82181	0,	1,8963e-004
12369	1,4944	-2,1737	0,	6,0363e-003
12370	1,6549	-2,0543	0,	4,9112e-003
12371	-1,6642	-2,0474	0,	7,3624e-004
12372	-1,5025	-2,169	0,	6,3604e-004
12373	-2,1683	1,5046	0,	6,5802e-004
12374	-1,7891	1,9391	0,	5,9461e-003
12375	-1,6529	2,0515	0,	7,1567e-003
12376	-0,65189	-2,5552	0,	3,3757e-004
12377	-0,82179	-2,5059	0,	3,6121e-004
12378	-2,5575	-0,63842	0,	6,2814e-004
12379	-2,5015	-0,80663	0,	7,0388e-004
12380	2,5973	-0,45487	0,	1,7534e-004
12381	2,6221	-0,2821	0,	1,8381e-004
12382	-2,4317	-0,99784	0,	7,8381e-004
12383	-2,3585	-1,1606	0,	8,4344e-004
12384	-1,1732	-2,3629	0,	4,6254e-004
12385	-1,0103	-2,436	0,	4,0596e-004
12386	0,45425	2,5975	0,	2,0377e-004
12387	0,28236	2,6244	0,	2,2442e-004
12388	-2,5477	0,64996	0,	3,8022e-004
12389	-2,4983	0,81993	0,	3,8474e-004
12390	1,9298	-1,7983	0,	1,4662e-003
12391	2,0462	-1,6648	0,	6,8939e-004
12392	-0,99115	2,4252	0,	4,9756e-003
12393	-1,1548	2,3544	0,	5,5964e-003
12394	1,1645	-2,3668	0,	7,6454e-003
12395	1,001	-2,4402	0,	7,8644e-003
12396	0,80982	-2,51	0,	6,8976e-003
12397	0,63926	-2,5588	0,	4,5361e-003
12398	1,9406	1,7875	0,	1,516e-003
12399	2,0558	1,6545	0,	2,1452e-003
12400	-2,4284	1,0084	0,	4,0815e-004
12401	-2,361	1,1752	0,	4,4264e-004
12402	2,5107	0,80993	0,	1,6551e-003
12403	2,5592	0,63941	0,	1,1041e-003
12404	1,0086	2,428	0,	1,8942e-004
12405	1,1707	2,3538	0,	2,0752e-004
12406	2,1678	-1,5031	0,	3,909e-004
12407	2,2647	-1,3522	0,	3,1233e-004
12408	1,5043	2,1651	0,	3,4451e-004
12409	1,3494	2,2563	0,	2,6361e-004
12410	-1,9378	-1,7902	0,	8,8447e-004
12411	-2,0518	-1,6555	0,	9,1425e-004
12412	2,6356	-8,7941e-002	0,	2,2207e-004
12413	2,6362	8,3929e-002	0,	2,7184e-004
12414	-1,3339	2,2576	0,	6,2273e-003
12415	-1,4924	2,171	0,	6,7219e-003
12416	2,1752	1,494	0,	2,6991e-003
12417	2,271	1,3435	0,	2,8302e-003
12418	-2,1713	-1,4949	0,	9,1549e-004
12419	-2,2617	-1,3397	0,	8,9524e-004
12420	2,6233	0,27338	0,	3,9741e-004
12421	2,5997	0,44582	0,	6,1269e-004
12422	0,26383	1,4595	0,	8,6647e-004
12423	-0,26447	-1,4565	0,	4,5088e-003
12424	-1,4382	-0,36175	0,	6,0635e-003
12425	0,36054	-1,4351	0,	2,9844e-002
12426	-0,3688	1,4486	0,	2,3301e-002
12427	1,155	0,92669	0,	9,6006e-003
12428	-1,1549	-0,92904	0,	6,001e-003
12429	0,84681	-1,2139	0,	3,2615e-002
12430	-0,92978	1,154	0,	3,6408e-002
12431	-1,4645	0,26688	0,	4,5068e-003
12432	2,5551	-0,65178	0,	1,7689e-004
12433	-2,598	-0,44483	0,	5,5712e-004
12434	-0,79994	2,495	0,	3,5177e-003
12435	1,7885	-1,9388	0,	3,4237e-003
12436	-1,7973	-1,9315	0,	8,1506e-004
12437	0,44567	-2,5993	0,	1,8127e-003
12438	2,3623	-1,1735	0,	2,4746e-004
12439	1,3436	-2,2701	0,	6,7198e-003
12440	-1,3519	-2,2653	0,	5,4901e-004
12441	-2,2634	1,3539	0,	4,755e-004
