0	0	0	0	0	0	0	0	0	0	37	221	255	97	0	0	0	0	0	0	0	0	0	153	254	210	204	227	255	214	23	0	0	119	56	0	0	0	0	0	0	0	0	0	0	0	14	136	255	255	255	188	0	0	0	0	0	0	0	0	0	0	0	0	0	0	0	0	0	0	0	56	236	99	134	189	12	0	0	0	0
0	0	0	0	0	0	0	0	57	20	0	55	165	63	66	8	0	0	0	0	0	0	0	99	160	17	0	115	255	67	0	0	0	0	0	0	0	0	0	0	11	65	0	0	0	0	69	255	255	255	245	123	0	0	0	0	0	0	0	0	0	0	0	0	0	0	0	0	0	0	0	36	104	0	0	0	0	33	90	32	0
0	0	0	0	0	0	0	62	207	56	0	0	0	78	220	138	85	0	0	0	0	0	0	0	0	0	39	184	255	67	0	0	0	0	0	0	0	0	0	0	16	92	0	0	0	0	69	255	255	255	227	4	0	0	0	0	0	0	0	0	0	0	0	0	0	0	0	0	0	0	0	0	0	0	0	0	26	173	255	172	25
162	105	0	0	0	0	56	208	255	56	0	0	0	158	255	255	225	86	0	0	0	0	0	98	41	25	191	255	159	24	0	0	0	0	0	0	0	0	0	0	0	0	0	0	0	0	25	93	93	93	82	2	0	0	0	0	0	0	0	0	0	0	0	0	0	0	0	0	0	0	0	0	0	0	0	0	53	255	255	150	18
252	155	0	0	0	35	205	240	240	52	0	0	0	33	61	226	255	230	79	0	0	0	0	145	65	189	255	164	22	0	0	0	0	0	0	0	0	0	0	0	0	0	0	0	0	0	0	0	0	0	0	0	0	103	58	0	0	0	0	138	202	154	0	0	0	0	0	0	0	0	0	0	0	0	122	187	198	240	146	19	0
170	12	0	0	0	4	19	19	19	4	0	0	0	0	1	49	223	232	81	0	0	0	0	40	22	186	207	114	0	0	0	0	0	0	0	0	0	0	0	0	0	0	0	0	0	0	0	0	0	0	0	0	0	10	6	0	0	0	0	174	250	159	0	0	0	0	0	0	0	0	0	0	0	0	12	19	19	19	9	0	0
0	0	0	0	0	0	0	0	0	0	0	0	0	0	0	0	55	89	0	0	0	0	40	188	64	0	0	0	0	0	0	0	0	0	0	0	0	0	0	0	0	0	0	0	0	0	0	0	0	0	0	0	0	0	0	0	0	0	0	114	151	6	0	0	59	80	4	0	0	0	0	0	0	0	0	0	0	0	0	0	71
0	0	0	0	0	0	0	0	0	0	0	0	0	0	0	0	0	0	0	0	0	0	60	131	33	0	0	0	0	0	0	0	0	0	0	0	0	0	0	0	0	0	0	0	0	0	0	0	0	0	0	0	0	0	0	0	0	0	0	85	124	94	48	124	212	232	11	0	0	0	0	0	0	0	0	0	0	0	0	80	229
0	0	0	0	0	0	0	0	0	0	0	0	0	0	0	0	0	0	0	0	0	0	0	0	0	0	0	0	0	0	0	0	0	0	0	0	0	0	0	0	0	0	0	0	0	0	0	0	0	0	0	0	0	0	0	0	0	0	86	225	240	78	99	255	255	114	4	0	0	0	0	0	0	0	0	0	0	0	0	165	255
160	0	0	0	0	0	0	0	8	159	199	199	110	13	3	0	0	0	0	0	0	0	0	0	149	171	9	0	0	0	0	0	0	0	9	11	0	0	0	0	0	0	0	0	0	0	0	0	0	0	0	0	0	0	0	0	0	0	30	56	50	2	94	242	117	9	0	0	97	63	0	0	0	0	0	1	12	80	199	235	245
168	0	0	0	0	0	0	0	147	250	255	255	245	234	54	0	0	0	0	2	41	46	46	18	158	247	162	0	0	0	0	0	0	0	171	209	32	0	0	0	0	0	0	0	0	0	0	0	0	0	0	0	0	0	0	0	0	0	0	0	0	0	8	21	7	0	0	0	11	7	0	0	0	0	0	51	223	242	255	226	58
0	0	0	0	0	0	30	86	192	255	255	255	255	202	39	0	0	0	52	92	239	228	169	67	4	152	117	0	0	0	0	0	0	50	209	255	206	49	0	0	0	0	0	0	0	0	0	0	0	0	0	0	0	0	0	0	0	0	0	0	0	0	0	0	0	0	0	0	0	0	0	0	0	0	56	223	255	255	255	90	0
0	0	0	0	0	23	126	192	255	255	255	255	255	97	0	0	0	0	156	255	236	91	56	122	119	13	0	0	0	0	0	0	0	78	222	255	219	75	0	0	0	0	0	0	0	0	0	0	0	0	0	0	0	0	0	0	0	0	0	0	0	0	0	0	0	0	0	0	64	122	122	122	77	0	87	232	255	255	255	90	0
127	0	0	0	0	18	64	47	196	255	255	255	180	37	0	0	0	0	59	97	82	50	203	255	252	144	0	0	0	0	0	0	0	0	71	97	69	0	0	0	0	0	0	0	0	0	0	0	0	0	0	0	0	0	0	0	0	0	0	0	0	0	0	0	0	0	0	0	133	255	255	255	219	158	55	90	246	255	175	34	0
204	0	0	0	0	0	0	5	164	254	245	182	30	0	0	2	7	0	0	150	165	19	58	177	242	69	0	0	0	0	0	0	0	0	0	0	0	0	0	0	0	0	0	0	0	0	0	0	0	0	30	193	197	197	68	11	8	0	0	0	9	8	0	0	0	0	0	0	127	244	253	255	255	255	95	20	230	177	29	0	0
204	0	0	0	0	0	0	113	219	202	38	15	0	0	0	39	156	0	0	161	178	0	0	127	69	2	0	0	0	0	0	0	0	0	0	0	0	0	0	0	0	0	0	0	0	0	0	0	0	0	170	254	255	255	239	232	185	26	0	29	202	187	26	0	0	0	0	0	12	23	178	221	255	255	212	37	21	14	0	0	0
137	0	0	0	0	0	0	83	64	4	62	0	0	0	0	29	115	0	0	3	75	83	45	0	0	0	0	0	0	0	0	0	0	0	0	0	0	0	0	0	0	0	0	0	0	0	0	0	0	0	19	190	255	255	255	255	255	153	0	117	242	255	188	39	0	0	0	0	0	0	0	37	172	172	59	0	0	0	0	0	0
0	0	0	0	0	0	0	0	0	7	100	0	0	0	0	0	0	0	0	9	231	255	138	0	0	0	0	0	0	2	106	120	67	0	0	0	0	0	0	0	0	0	0	0	0	14	119	70	0	0	0	35	184	255	255	255	255	201	55	0	125	251	255	183	120	20	0	0	0	0	0	0	0	0	0	0	0	0	0	0	96
0	0	0	0	0	0	0	0	0	0	0	0	0	0	0	0	0	0	0	9	206	99	54	0	0	0	0	0	0	4	227	208	55	0	0	0	0	0	0	0	0	0	0	0	0	147	254	149	0	0	0	0	40	99	207	255	255	255	117	0	10	133	255	255	150	17	0	0	0	0	0	0	0	0	0	0	0	0	0	101	235
0	0	0	6	9	44	194	100	0	0	0	0	0	0	0	0	0	0	0	2	45	0	0	0	0	29	194	190	75	4	193	43	0	0	0	0	0	4	9	9	1	0	0	0	0	214	196	36	0	0	0	0	0	0	42	80	241	173	28	0	0	15	61	61	20	0	0	0	0	0	0	0	0	0	0	0	0	0	0	159	246
0	0	20	162	231	235	255	151	15	0	0	0	0	0	0	0	0	0	0	0	0	0	0	0	0	38	242	129	10	0	18	0	0	0	0	5	41	123	231	231	59	0	0	0	0	21	18	0	0	0	0	0	0	0	0	3	24	15	0	0	0	0	0	0	0	0	0	0	0	0	0	0	0	0	0	0	0	0	0	16	24
16	81	167	255	255	255	227	174	65	0	0	0	0	0	0	0	0	0	0	0	0	0	0	0	0	26	120	0	0	0	0	0	0	0	0	23	197	255	255	255	223	0	0	0	0	0	0	0	0	0	0	0	0	0	0	0	0	0	44	81	73	3	0	0	0	0	0	0	0	0	0	0	0	0	0	0	17	81	81	81	16
51	255	255	255	255	255	167	0	0	0	0	0	0	0	0	0	0	55	46	0	0	0	0	0	0	0	0	0	0	0	0	35	117	49	0	0	74	255	255	255	135	0	0	0	0	0	0	0	0	0	0	0	0	0	0	0	0	0	138	255	143	5	0	0	0	0	0	0	0	0	0	0	0	0	0	9	139	255	255	255	145
20	102	102	102	102	102	67	0	0	8	141	153	80	0	0	0	50	201	193	37	0	0	0	0	0	23	106	0	0	0	22	184	255	106	0	0	30	102	102	102	13	43	153	153	45	0	0	0	0	0	0	0	0	0	0	0	0	0	55	102	16	0	0	0	0	0	35	153	153	52	0	0	0	0	0	19	240	255	255	255	132
0	0	0	0	0	0	0	0	0	13	228	251	225	73	0	0	21	150	136	149	18	0	0	0	0	37	171	0	0	0	41	255	252	103	0	0	0	0	0	0	23	203	248	248	73	0	0	0	4	136	171	8	0	0	0	0	0	0	0	0	0	0	0	0	0	0	57	251	255	86	0	0	0	0	0	18	234	248	248	129	13
0	0	0	0	0	0	0	0	0	1	24	90	217	82	0	0	0	12	10	19	3	0	0	0	0	4	18	0	0	32	211	243	132	11	0	0	0	0	0	0	3	26	26	26	8	0	0	0	128	247	248	142	0	0	0	0	0	0	0	0	0	0	0	0	0	0	6	99	217	73	0	0	0	0	0	2	25	26	26	9	0
0	0	0	0	5	58	0	0	0	0	0	0	0	0	0	0	0	0	0	0	0	0	0	0	0	0	0	0	0	188	244	123	0	0	0	0	0	0	0	0	0	0	0	0	0	0	0	0	98	176	157	3	0	0	0	0	0	0	0	0	0	0	0	0	0	0	0	0	0	0	0	0	0	0	0	0	0	0	0	0	0
0	0	0	0	99	218	115	59	0	0	0	0	0	0	0	0	0	0	70	111	29	78	0	0	0	0	0	0	68	219	219	0	51	115	31	0	0	0	0	0	0	0	0	0	0	0	0	0	0	0	0	0	0	0	0	0	0	0	0	0	0	0	0	0	0	0	0	0	0	0	0	0	0	0	0	0	0	0	0	0	0
0	0	0	96	233	255	255	131	0	0	0	0	0	0	0	0	0	71	215	251	178	174	0	0	0	0	0	0	151	252	106	45	197	255	179	131	0	0	0	0	0	0	0	0	0	0	0	0	0	0	0	0	0	0	0	0	0	0	0	0	0	0	0	0	0	0	0	0	0	100	151	151	95	0	0	0	0	0	0	0	0
0	0	0	160	251	251	187	36	4	1	0	0	0	0	0	0	0	118	251	251	221	45	0	0	0	0	0	0	39	65	7	20	150	255	255	246	133	0	0	0	0	0	0	0	0	0	0	0	0	0	0	0	0	0	0	0	0	0	0	0	0	0	0	0	0	0	0	2	101	233	255	255	160	0	0	0	0	0	0	0	4
0	0	0	18	28	28	31	129	227	76	3	0	0	0	0	0	0	13	28	28	24	0	0	22	9	0	0	0	0	0	0	0	97	240	255	255	181	0	0	0	0	0	0	0	0	0	0	0	0	0	0	0	0	0	0	0	0	0	0	0	0	0	0	0	0	0	0	73	224	255	225	219	138	0	0	0	8	36	18	23	189
0	0	0	0	0	0	62	216	255	242	21	0	0	0	0	0	0	0	0	0	0	0	35	184	121	65	0	0	0	0	0	0	0	104	178	178	126	0	0	0	0	0	0	0	0	0	0	0	0	0	0	0	0	0	0	0	0	0	0	0	0	0	0	0	0	0	0	0	93	178	32	0	0	0	0	6	109	255	165	142	240
0	0	0	0	0	0	0	69	213	160	12	0	0	0	0	0	0	0	0	0	0	0	117	255	255	217	0	0	0	0	0	0	50	47	0	0	0	0	0	0	0	0	0	0	0	0	0	0	0	0	0	0	0	0	0	12	110	113	52	0	0	0	0	0	0	0	0	0	0	0	0	0	0	0	0	19	240	255	255	90	204
0	0	0	0	0	0	0	0	67	23	0	0	0	0	0	0	0	0	0	0	0	0	49	106	214	105	0	0	0	0	0	0	113	193	41	0	0	65	149	42	0	0	0	0	0	0	0	0	0	0	0	0	0	0	0	26	248	255	117	0	0	0	0	0	100	25	0	0	0	0	0	0	0	0	0	19	240	255	180	38	204
0	66	186	186	175	16	2	1	0	0	0	0	0	0	2	33	186	186	186	44	0	0	0	0	50	7	0	0	0	0	0	0	112	253	69	0	1	112	255	205	23	0	0	0	0	0	0	0	0	0	0	0	0	0	0	163	251	253	116	0	0	0	0	97	230	179	8	0	0	0	0	0	0	0	0	5	65	69	34	0	203
0	78	238	255	253	221	191	98	0	0	0	0	0	0	172	199	221	221	221	53	0	0	0	0	0	0	0	0	0	0	0	0	13	30	8	0	66	238	236	221	27	0	0	0	0	0	0	0	0	0	0	0	0	0	0	25	30	30	14	0	0	0	0	16	30	27	1	0	0	0	0	0	0	0	0	0	0	0	0	0	24
0	0	126	255	196	146	0	0	0	0	0	0	0	0	132	16	0	0	0	0	0	0	0	0	0	0	0	0	0	0	0	0	0	0	0	0	53	181	77	0	0	0	0	0	0	0	0	0	0	0	0	0	0	0	0	8	73	74	74	24	0	0	0	0	0	0	0	0	0	0	0	0	0	0	0	0	0	0	0	0	0
0	0	72	144	30	0	0	0	0	0	20	111	111	42	0	0	0	0	0	0	0	0	0	0	0	0	0	0	0	0	0	0	0	0	0	0	0	0	64	111	14	0	0	0	0	0	0	0	0	0	0	0	0	0	0	109	251	255	255	81	0	0	0	0	0	0	0	0	0	0	0	0	0	0	0	0	0	0	0	0	0
0	0	0	0	0	0	0	0	0	0	46	255	255	188	34	0	0	0	0	0	0	0	0	0	0	0	0	0	0	0	0	0	0	0	0	0	0	64	209	255	32	42	84	0	0	0	0	61	147	44	0	0	0	0	0	107	251	255	176	35	0	0	0	0	0	0	0	0	0	0	0	0	0	0	0	0	0	0	0	0	0
0	0	0	0	0	0	0	0	0	9	148	72	72	185	58	0	0	0	0	0	0	0	0	0	0	0	0	0	0	0	0	0	0	0	0	0	0	111	255	255	32	20	42	0	0	0	0	106	153	22	0	0	0	0	0	7	116	182	33	0	0	0	0	0	0	16	175	113	0	0	0	0	0	0	0	0	0	0	0	0	0
0	0	0	0	0	0	0	15	152	225	212	21	0	20	7	0	0	0	0	0	0	0	0	0	0	0	0	0	0	4	199	156	0	0	0	0	0	97	223	223	28	0	0	0	0	0	0	13	14	0	0	0	0	17	32	32	32	19	0	0	0	0	0	0	0	20	214	150	32	11	26	74	223	125	11	0	0	0	0	0	0
0	0	0	0	0	0	0	89	228	255	255	169	0	0	0	0	0	0	0	0	0	0	0	0	0	0	0	0	0	4	227	178	0	0	0	0	0	0	0	0	0	0	0	0	0	0	0	0	0	0	0	0	0	140	255	255	209	43	0	0	0	0	0	0	0	0	17	142	255	134	222	239	210	255	135	14	0	0	0	0	0
0	0	0	0	0	0	0	0	160	255	255	169	0	0	0	0	0	0	0	0	0	0	0	0	0	0	0	0	0	3	131	103	0	0	0	0	0	0	0	0	0	0	0	0	0	0	0	0	0	0	0	0	0	140	255	255	255	153	0	0	0	0	0	0	0	0	58	255	255	255	166	115	95	255	184	28	0	0	0	0	0
0	0	0	0	0	0	0	0	69	223	255	169	0	0	0	0	0	0	0	0	0	0	0	0	4	130	144	144	144	38	0	0	0	0	0	0	0	0	0	0	0	0	0	0	0	0	0	0	0	0	124	144	144	205	155	233	219	67	0	0	0	0	0	0	0	0	25	111	111	111	20	0	41	111	38	0	0	0	0	0	0
0	0	0	115	181	146	0	0	0	199	223	49	0	0	0	0	0	0	0	0	0	0	0	0	137	247	255	255	255	67	0	0	0	105	179	21	0	0	0	0	0	0	0	0	0	0	0	0	0	0	219	255	255	156	23	63	56	0	0	0	0	0	0	0	0	0	0	0	0	0	0	0	0	0	0	0	0	66	89	0	0
0	0	110	243	255	249	145	0	0	26	28	0	0	0	23	30	20	0	0	0	0	0	0	133	247	255	255	255	237	59	0	0	98	223	86	4	0	0	0	0	0	0	0	0	0	0	0	0	0	0	219	255	243	102	0	0	0	0	0	0	0	0	0	0	0	0	0	0	0	0	0	0	0	0	0	0	0	12	17	0	0
0	0	126	255	255	242	122	0	0	0	0	0	0	0	195	253	170	0	0	0	0	0	0	153	255	255	255	255	105	1	0	0	82	79	1	0	0	0	0	0	0	0	0	0	0	0	0	0	0	0	159	186	111	1	0	0	0	28	32	0	0	0	0	0	0	0	0	0	0	0	0	0	0	0	0	0	0	25	69	25	0
0	0	74	149	149	121	0	0	0	0	0	0	0	66	221	237	100	0	0	0	0	0	0	90	152	244	255	207	61	0	0	0	0	0	0	0	0	0	0	0	0	0	0	0	0	0	0	0	0	0	0	0	0	0	0	11	103	165	175	34	0	0	0	0	0	0	0	0	0	0	9	101	67	0	0	0	22	160	255	90	0
0	0	0	0	0	0	0	0	0	0	0	0	68	212	255	236	96	0	0	5	129	142	142	57	110	243	211	62	0	0	0	0	0	0	102	17	0	0	0	0	0	0	0	0	0	0	39	142	63	0	16	140	84	0	0	26	248	255	255	178	23	0	0	0	0	0	0	0	0	0	126	249	160	0	0	0	24	113	113	40	0
0	0	0	0	0	0	0	0	112	39	0	60	215	255	118	77	52	0	0	9	231	255	173	31	58	77	53	0	0	0	0	0	0	104	232	30	0	0	0	0	0	0	0	0	0	21	198	255	212	54	8	75	45	0	0	8	75	148	255	255	41	0	0	0	0	0	0	0	0	0	77	207	114	178	62	0	0	0	0	0	0
0	0	14	28	6	0	0	93	213	221	219	222	136	36	8	0	0	0	0	1	33	36	20	0	0	0	0	0	0	0	0	0	0	21	36	4	0	0	0	0	0	0	0	0	0	51	253	255	255	230	31	0	0	0	0	0	0	14	139	97	6	0	0	0	0	0	0	0	0	0	3	26	84	227	78	0	0	0	0	0	0
0	0	91	184	38	0	0	2	4	148	188	127	2	0	0	0	0	0	0	0	0	0	31	67	17	0	0	0	0	0	0	0	0	0	0	0	0	0	0	0	0	0	0	0	0	160	188	216	255	255	36	0	0	0	0	0	0	0	2	1	0	16	41	0	0	0	0	0	0	0	0	0	2	4	2	0	0	0	0	0	0
0	0	0	0	0	0	0	0	0	0	0	0	0	0	0	0	0	0	0	0	0	33	173	255	139	11	0	0	0	0	0	0	0	0	75	12	0	0	0	0	13	74	0	0	0	0	0	63	209	255	36	0	0	0	0	0	0	0	0	0	0	36	92	0	0	0	0	0	0	0	0	0	0	0	0	0	0	0	0	0	0
0	0	0	0	0	0	0	0	0	0	0	0	0	0	0	0	0	0	0	5	126	177	255	255	252	131	0	0	0	0	0	0	62	140	223	135	0	0	0	0	119	82	0	0	0	0	0	0	142	157	16	0	0	0	0	14	136	84	0	0	0	33	85	0	0	0	0	0	0	0	0	0	0	0	0	0	0	0	0	0	0
0	0	0	0	0	0	0	0	0	0	0	0	0	0	0	0	0	0	0	9	231	255	255	255	255	217	0	79	176	46	0	0	113	255	255	221	0	0	0	0	59	0	0	0	0	0	0	0	142	77	0	0	0	0	121	184	253	224	81	0	0	19	48	0	0	0	0	0	0	0	0	0	0	0	0	0	0	0	0	0	141
0	0	0	0	0	0	0	0	0	0	0	0	0	0	0	0	0	0	0	1	65	237	255	255	255	217	0	103	116	10	0	0	113	255	234	56	0	0	0	0	0	0	0	0	0	23	78	217	223	69	0	0	0	0	176	235	248	229	105	0	0	0	0	0	0	0	0	0	0	0	0	0	0	0	0	2	25	26	122	217	247
0	0	0	0	0	0	0	0	0	0	0	0	0	0	0	0	0	0	0	0	1	65	191	191	191	162	0	3	3	0	0	19	148	255	120	8	0	28	64	18	0	0	0	0	0	160	186	191	88	2	0	0	0	0	132	53	140	7	3	0	0	0	0	0	0	0	0	0	0	0	0	0	0	0	0	18	234	248	252	255	204
0	0	0	0	0	0	0	0	0	0	0	0	0	0	0	0	0	0	0	0	0	0	0	0	0	0	0	0	0	0	14	148	255	255	254	120	102	168	255	145	13	0	0	0	0	0	0	0	0	0	0	0	0	0	0	0	0	0	0	0	0	0	0	0	0	0	0	0	0	0	0	0	0	0	0	11	145	153	153	153	30
0	0	0	0	0	0	0	0	0	0	0	0	0	0	0	0	0	0	0	0	0	0	0	0	0	0	0	0	0	0	36	255	255	255	255	255	255	255	255	156	15	0	0	0	0	0	0	0	0	0	0	0	0	0	0	0	0	0	0	94	124	5	0	0	0	0	0	0	0	0	0	0	0	0	0	0	0	0	0	0	0
0	0	0	0	0	0	0	0	0	0	0	0	0	0	0	0	0	0	0	0	0	0	0	0	0	0	0	0	0	3	166	255	255	255	255	255	255	255	155	23	0	0	0	0	0	0	0	0	0	0	0	0	0	0	120	156	4	0	94	229	247	135	0	0	0	0	0	0	0	0	0	0	0	0	0	0	0	0	0	0	0
0	0	0	0	0	0	0	0	0	0	0	0	0	0	0	0	0	100	214	214	180	0	0	0	0	0	0	0	0	4	227	255	255	255	236	63	41	41	17	0	0	0	0	0	0	0	0	0	0	0	0	0	0	0	28	37	1	0	138	255	253	176	0	0	0	0	0	0	0	0	0	0	0	0	0	0	0	78	214	92	5
0	0	0	0	0	0	0	0	0	0	0	0	0	0	0	10	61	152	255	209	163	0	0	0	0	0	0	0	0	3	181	255	255	219	59	1	0	0	0	0	0	0	0	0	0	0	0	0	0	0	0	0	0	0	0	0	0	0	105	194	176	13	0	0	0	0	0	0	0	0	0	0	0	0	0	0	0	93	255	249	49
0	0	0	0	0	0	0	0	0	0	0	0	0	0	4	117	222	202	255	61	0	0	0	0	0	0	0	0	0	0	22	186	211	65	0	0	0	0	0	0	0	0	42	99	99	99	99	58	0	0	0	0	0	0	0	0	0	0	0	0	0	0	0	0	0	0	0	0	0	0	0	0	0	0	0	0	0	56	206	255	51
0	0	67	135	128	10	0	0	0	0	0	0	0	0	109	221	80	120	255	61	0	0	0	0	0	0	0	0	0	0	0	36	67	0	0	0	0	0	0	0	0	0	51	196	255	255	255	205	135	41	0	0	0	0	0	0	0	0	0	0	0	0	0	0	91	123	6	0	0	0	0	0	0	0	0	0	0	0	129	255	51
0	61	213	255	250	145	0	0	0	0	0	0	0	106	236	212	0	120	255	186	16	0	0	0	0	0	0	0	0	0	0	0	76	172	47	0	0	0	0	0	0	0	0	47	205	255	255	255	255	77	0	45	102	0	0	18	167	103	0	0	0	0	0	91	228	232	11	0	0	0	0	0	0	0	0	0	0	0	129	144	17
0	90	255	241	221	49	0	103	212	212	178	15	0	144	224	53	0	20	173	254	216	152	12	0	0	0	0	0	0	0	20	80	231	242	63	0	0	0	0	0	3	23	23	23	171	232	232	232	232	70	21	197	138	0	0	43	249	238	212	67	0	0	0	135	255	75	2	0	0	0	0	0	0	0	0	0	0	0	22	15	18
0	70	197	78	10	1	0	124	255	255	253	162	0	7	10	1	0	0	120	241	255	233	100	0	0	0	0	0	0	46	224	247	229	88	3	0	0	0	0	0	30	244	244	244	79	11	11	11	11	3	1	11	6	0	0	208	255	255	224	63	0	0	0	104	197	33	0	0	0	0	0	0	0	0	0	0	0	0	0	38	207
0	0	0	0	0	0	0	124	255	255	255	169	0	0	0	0	0	0	0	120	158	108	0	0	0	0	30	97	97	214	255	255	142	0	0	0	0	42	41	0	32	255	255	200	46	0	0	0	0	0	0	0	0	0	0	217	255	216	73	0	0	0	0	0	0	81	75	0	0	0	0	0	0	0	0	0	0	0	0	102	158
133	86	0	0	0	0	0	59	206	255	255	169	0	0	0	0	0	0	0	0	0	0	0	0	0	20	171	255	255	255	255	255	142	0	0	0	0	53	52	0	15	160	198	53	0	0	0	0	0	0	0	0	0	0	0	103	122	73	0	0	0	0	0	0	90	234	197	0	0	0	0	0	0	0	0	0	0	0	0	0	0
255	225	169	169	35	0	0	0	160	255	225	57	0	0	0	0	0	0	0	0	0	0	0	0	4	165	255	255	255	255	255	255	142	0	0	0	0	0	0	0	148	194	147	0	0	0	0	0	0	0	0	0	0	0	0	0	0	0	0	0	0	0	0	0	58	211	73	0	0	0	0	0	0	0	0	0	0	0	0	0	0
255	255	255	135	14	0	0	0	29	46	37	0	0	0	0	0	0	0	0	0	0	0	0	0	143	230	234	149	46	185	237	255	151	9	0	0	0	0	0	150	249	255	147	0	0	0	0	0	0	0	0	0	0	0	0	0	0	0	0	0	0	0	0	0	0	34	2	0	0	0	0	0	0	0	0	0	0	0	0	0	0
199	219	255	247	54	41	0	0	0	0	0	0	0	0	0	0	0	0	0	0	0	0	0	0	10	13	13	7	0	10	89	255	225	78	0	0	0	0	0	183	255	255	147	0	0	0	0	0	0	0	0	0	0	0	0	0	0	0	0	0	0	13	56	26	0	5	53	56	27	0	0	0	0	0	0	0	0	0	0	0	0
0	90	208	160	118	195	0	0	60	90	8	0	0	0	0	0	0	0	0	0	0	0	0	0	0	0	0	0	0	73	237	255	142	0	0	0	0	0	0	183	255	255	147	0	0	0	0	0	0	0	0	0	0	0	0	0	0	0	0	0	9	130	255	170	95	109	248	255	171	32	0	0	0	0	0	0	0	0	0	0	0
0	44	63	0	202	232	131	131	209	242	21	0	0	0	0	0	43	69	0	0	0	0	0	0	0	0	0	0	0	94	241	255	200	54	1	116	131	74	0	89	239	255	147	0	0	15	94	0	0	0	0	0	0	72	131	20	0	0	0	0	122	251	255	255	255	255	255	255	255	86	0	0	0	0	0	0	0	0	0	0	0
0	0	0	0	202	255	255	255	255	242	21	0	0	0	0	28	196	135	0	0	0	0	0	100	42	0	0	0	0	4	227	255	181	37	2	225	255	144	0	0	77	88	51	0	118	177	185	0	0	0	0	0	68	215	140	13	0	0	0	0	74	128	255	255	255	255	255	255	255	86	0	0	0	0	0	0	0	0	0	0	0
0	0	0	0	187	236	171	48	48	46	4	0	0	0	137	25	48	26	0	14	19	79	207	236	214	21	0	0	0	1	69	180	27	0	0	42	48	27	0	0	0	0	0	0	181	255	237	110	0	0	0	0	20	48	15	0	0	0	0	0	0	12	48	48	175	236	236	236	138	16	0	0	0	0	0	0	0	0	0	0	0
0	0	0	0	12	15	10	0	0	0	0	0	0	0	11	1	0	0	32	195	240	245	255	255	248	26	0	0	0	0	2	10	0	0	0	0	0	0	0	0	7	53	31	0	143	202	151	9	0	37	53	39	0	0	0	0	0	21	53	53	48	2	0	0	10	15	15	15	7	0	0	0	0	0	0	0	0	0	0	0	0
0	0	0	0	0	0	0	0	0	0	0	0	0	0	0	0	0	0	156	255	255	255	255	255	248	26	0	0	0	2	82	65	0	0	0	0	0	0	53	93	113	255	147	0	0	0	0	0	52	206	245	122	0	0	0	0	0	102	255	255	239	76	0	0	0	0	0	0	0	0	0	0	0	0	0	0	0	0	0	0	0
0	0	0	0	0	0	0	0	0	0	0	0	0	0	0	0	0	0	77	224	255	255	255	255	252	142	89	0	0	4	227	178	0	0	0	0	0	56	201	255	142	126	73	0	0	0	0	0	70	126	112	2	0	0	0	0	0	102	255	255	255	194	0	0	0	0	0	0	0	0	0	0	0	0	0	0	0	0	0	0	0
0	0	0	0	0	0	0	0	0	0	0	0	0	0	0	0	0	0	0	194	255	255	255	255	255	230	62	0	0	123	245	178	0	0	0	0	48	204	255	255	32	0	0	0	0	0	0	0	0	0	0	0	0	0	0	0	0	102	255	255	239	74	0	0	0	0	0	0	0	0	0	0	0	0	0	0	0	0	0	0	0
0	0	0	0	12	151	0	0	0	0	0	0	0	0	0	0	0	0	0	45	235	255	255	255	102	43	0	0	0	188	226	35	0	0	0	0	74	255	255	255	185	0	0	0	0	177	204	119	0	0	0	0	0	0	0	0	0	102	255	255	78	2	0	0	0	0	0	78	204	69	0	0	0	0	0	0	0	0	0	0	0
